-5.000000000000000000e+02 0.000000000000000000e+00 0.000000000000000000e+00 0.000000000000000000e+00
-4.869724770642201861e+02 0.000000000000000000e+00 0.000000000000000000e+00 0.000000000000000000e+00
-4.739449541284403722e+02 0.000000000000000000e+00 0.000000000000000000e+00 0.000000000000000000e+00
-4.609174311926605583e+02 0.000000000000000000e+00 0.000000000000000000e+00 0.000000000000000000e+00
-4.478899082568807444e+02 0.000000000000000000e+00 0.000000000000000000e+00 0.000000000000000000e+00
-4.348623853211009305e+02 0.000000000000000000e+00 0.000000000000000000e+00 0.000000000000000000e+00
-4.218348623853211166e+02 0.000000000000000000e+00 0.000000000000000000e+00 0.000000000000000000e+00
-4.088073394495413027e+02 0.000000000000000000e+00 0.000000000000000000e+00 0.000000000000000000e+00
-3.957798165137614887e+02 0.000000000000000000e+00 0.000000000000000000e+00 0.000000000000000000e+00
-3.827522935779816748e+02 0.000000000000000000e+00 0.000000000000000000e+00 0.000000000000000000e+00
-3.697247706422018609e+02 0.000000000000000000e+00 0.000000000000000000e+00 0.000000000000000000e+00
-3.566972477064219902e+02 0.000000000000000000e+00 0.000000000000000000e+00 0.000000000000000000e+00
-3.436697247706422331e+02 1.184639078869558371e-03 -2.282030975439949729e-03 4.651309133179066038e-03
-3.306422018348623624e+02 1.105743473013575317e-03 -3.357770934945160726e-03 5.569257880972311794e-03
-3.176146788990826053e+02 6.364091088495832079e-04 -4.615321084028342798e-03 5.888139301727508997e-03
-3.045871559633027346e+02 9.996665561139345992e-04 -4.306489912701418066e-03 6.305823024929286397e-03
-2.915596330275229775e+02 -2.667968743711731684e-03 -9.869544796438547984e-03 4.533607309015085483e-03
-2.785321100917431068e+02 -5.932085890497640172e-03 -1.129157243161675248e-02 -5.725993493785270019e-04
-2.655045871559633497e+02 -5.844573636801109716e-03 -1.093297923834273162e-02 -7.561680352594878085e-04
-2.524770642201835074e+02 -4.087229108052572481e-03 -9.225540112840041954e-03 1.051081896734896992e-03
-2.394495412844036650e+02 -1.869811262662708943e-03 -7.461215412479138727e-03 3.721592887153720407e-03
-2.264220183486238511e+02 2.413585157270540116e-03 -4.475913112227981883e-03 9.303083426769062983e-03
-2.133944954128440372e+02 8.880576125343837141e-03 -1.106074030439302414e-04 1.787175965373160452e-02
-2.003669724770642233e+02 1.420291834379403852e-02 2.685956456941463594e-03 2.571988023064661344e-02
-1.873394495412844094e+02 2.147341569759838795e-02 6.547708756401593444e-03 3.639912263879518245e-02
-1.743119266055045955e+02 2.036283171621624047e-02 3.687559870549993180e-03 3.703810356188248776e-02
-1.612844036697247816e+02 1.745359075473632698e-02 -1.821671768795794788e-03 3.672885327826844876e-02
-1.482568807339449677e+02 1.541648266352706881e-02 -4.234205187383533603e-03 3.506717051443766775e-02
-1.352293577981651538e+02 5.323370507549440855e-03 -1.582647621062579710e-02 2.647321722572467881e-02
-1.222018348623853399e+02 5.653848431457777438e-04 -2.140394924120407605e-02 2.253471892749563110e-02
-1.091743119266055260e+02 -2.300630859908889443e-03 -2.378401228846275736e-02 1.918275056864498021e-02
-9.614678899082571206e+01 -2.888602778221303034e-03 -2.359241633533515695e-02 1.781521077889254914e-02
-8.311926605504589816e+01 -6.646972057291696033e-04 -1.873442983142619214e-02 1.740503541996785489e-02
-7.009174311926608425e+01 -2.938874209049558654e-03 -1.831588453045857046e-02 1.243813611235945228e-02
-5.706422018348627034e+01 -5.422224407045120494e-03 -1.948223896252753579e-02 8.637790148437296534e-03
-4.403669724770645644e+01 -5.476873489319216380e-03 -2.040363068754806608e-02 9.449883708909635055e-03
-3.100917431192664253e+01 -3.680412702520265578e-03 -2.189542230058465558e-02 1.453459689554412529e-02
-1.798165137614682862e+01 -5.350057870277246178e-03 -2.525676160893234462e-02 1.455664586837785400e-02
-4.954128440367014719e+00 -6.759848345905552190e-03 -2.967054034848984334e-02 1.615084365667873723e-02
8.073394495412799188e+00 -2.743147249932937660e-03 -2.948646091236623024e-02 2.400016641250035665e-02
2.110091743119266994e+01 -5.406280894549694155e-03 -3.358005691533794135e-02 2.276749512623854957e-02
3.412844036697242700e+01 -3.337515285511881598e-03 -3.254820347070417480e-02 2.587317289968041334e-02
4.715596330275229775e+01 5.932804630136094201e-03 -2.210050854115176711e-02 3.396611780142395204e-02
6.018348623853205481e+01 1.890853832622583011e-02 -9.057037271259189143e-03 4.687411392371085284e-02
7.321100917431192556e+01 3.083136623151502484e-02 8.292219157617190112e-03 5.337051330541285610e-02
8.623853211009168263e+01 4.237488805195301078e-02 2.106150029657691963e-02 6.368827580732910887e-02
9.926605504587155338e+01 4.651542562903678013e-02 2.471132023419051610e-02 6.831953102388305110e-02
1.122935779816513104e+02 5.849110702953603386e-02 3.657480360684340487e-02 8.040741045222865591e-02
1.253211009174311812e+02 7.114051367986158614e-02 4.890542945888882304e-02 9.337559790083435618e-02
1.383486238532109383e+02 8.583017758599560676e-02 6.231433872539661467e-02 1.093460164465945988e-01
1.513761467889908090e+02 1.020470340473062648e-01 7.728021801997948803e-02 1.268138500746330277e-01
1.644036697247705661e+02 1.208503559195241855e-01 9.506862132508286933e-02 1.466320905139655018e-01
1.774311926605504368e+02 1.345921408593276358e-01 1.082086662509507136e-01 1.609756154677045581e-01
1.904587155963301939e+02 1.513093467691747074e-01 1.239697367634595010e-01 1.786489567748898999e-01
2.034862385321100646e+02 1.550111118965980250e-01 1.274713526139949482e-01 1.825508711792011018e-01
2.165137614678898217e+02 1.550309225492196574e-01 1.267342341654321691e-01 1.833276109330071457e-01
2.295412844036696924e+02 1.561707228039966033e-01 1.247578510677066210e-01 1.875835945402865856e-01
2.425688073394494495e+02 1.510092816032614083e-01 1.195646761924424872e-01 1.824538870140803293e-01
2.555963302752293203e+02 1.516233740372159855e-01 1.199760522838902999e-01 1.832706957905416711e-01
2.686238532110090773e+02 1.513368226060748112e-01 1.223533011824989580e-01 1.803203440296506643e-01
2.816513761467889481e+02 1.560166536839212303e-01 1.263919913367665127e-01 1.856413160310759480e-01
2.946788990825687051e+02 1.662099564725863787e-01 1.357325261522943360e-01 1.966873867928784214e-01
3.077064220183485759e+02 1.757720056108794671e-01 1.491338570493513094e-01 2.024101541724076248e-01
3.207339449541283329e+02 1.940990142662335771e-01 1.698894335018917290e-01 2.183085950305754253e-01
3.337614678899082037e+02 2.210412810776556658e-01 1.976993969803726436e-01 2.443831651749386880e-01
3.467889908256880744e+02 2.410867230600141908e-01 2.189995006321951432e-01 2.631739454878332385e-01
3.598165137614678315e+02 2.670337897540274730e-01 2.421279015965350778e-01 2.919396779115198681e-01
3.728440366972477023e+02 2.961897887655202122e-01 2.716677996898047009e-01 3.207117778412357234e-01
3.858715596330274593e+02 3.252639050391608611e-01 3.010072982172379841e-01 3.495205118610837380e-01
3.988990825688073301e+02 3.409558030631331671e-01 3.144543614758834593e-01 3.674572446503828749e-01
4.119266055045870871e+02 3.608032989760266984e-01 3.297373710376385603e-01 3.918692269144148366e-01
4.249541284403669579e+02 3.790269279893826448e-01 3.441884936540108852e-01 4.138653623247544044e-01
4.379816513761467149e+02 3.984746220986952747e-01 3.618974859013068257e-01 4.350517582960837237e-01
4.510091743119265857e+02 4.147585215400144687e-01 3.773436965116468422e-01 4.521733465683820952e-01
4.640366972477063428e+02 4.302950272463400561e-01 3.895679138920605800e-01 4.710221406006195322e-01
4.770642201834862135e+02 4.435116628334401789e-01 4.015689167617171318e-01 4.854544089051632261e-01
4.900917431192659706e+02 4.607688387988068124e-01 4.147157783513783502e-01 5.068218992462353301e-01
5.031192660550458413e+02 4.840879531272010428e-01 4.384058480946645409e-01 5.297700581597375447e-01
5.161467889908255984e+02 5.069265113276972823e-01 4.590273677617414672e-01 5.548256548936530974e-01
5.291743119266054691e+02 5.330681282114959618e-01 4.858596393691257953e-01 5.802766170538661283e-01
5.422018348623853399e+02 5.603196032750715760e-01 5.164652819064786682e-01 6.041739246436644839e-01
5.552293577981649833e+02 5.766212397627679120e-01 5.363299359167048586e-01 6.169125436088309655e-01
5.682568807339448540e+02 6.018032858910160598e-01 5.632078419226593802e-01 6.403987298593727395e-01
5.812844036697247248e+02 6.229160115081021631e-01 5.865988400348287612e-01 6.592331829813755650e-01
5.943119266055045955e+02 6.429025951020813645e-01 6.100053876234917682e-01 6.757998025806709608e-01
6.073394495412842389e+02 6.702710541780428910e-01 6.405117228737212676e-01 7.000303854823645144e-01
6.203669724770641096e+02 6.972305946490998663e-01 6.682956276311383670e-01 7.261655616670613655e-01
6.333944954128439804e+02 7.270120893089813130e-01 6.984893694235312367e-01 7.555348091944313893e-01
6.464220183486238511e+02 7.615571322272669530e-01 7.317202861912615042e-01 7.913939782632724018e-01
6.594495412844034945e+02 7.777009960933073396e-01 7.457166039314842010e-01 8.096853882551304782e-01
6.724770642201833653e+02 8.110894863885247386e-01 7.770118891528058347e-01 8.451670836242436424e-01
6.855045871559632360e+02 8.485369318039608366e-01 8.135711157494269763e-01 8.835027478584946969e-01
6.985321100917431068e+02 8.873416547238940355e-01 8.516808094861995082e-01 9.230024999615885628e-01
7.115596330275227501e+02 9.278188086829104453e-01 8.889974628133292534e-01 9.666401545524916372e-01
7.245871559633026209e+02 9.726656401447412170e-01 9.341749066635195442e-01 1.011156373625962779e+00
7.376146788990824916e+02 1.034556479339733936e+00 9.904207050634833420e-01 1.078692253615984642e+00
7.506422018348623624e+02 1.089223872260486115e+00 1.046186802439874386e+00 1.132260942081097843e+00
7.636697247706422331e+02 1.151723092292618045e+00 1.111266205646027405e+00 1.192179978939208684e+00
7.766972477064218765e+02 1.223114655192932609e+00 1.187636949350996396e+00 1.258592361034868823e+00
7.897247706422017473e+02 1.295263814714394890e+00 1.258419936805013739e+00 1.332107692623776041e+00
8.027522935779816180e+02 1.359169526558112073e+00 1.320009594004663667e+00 1.398329459111560480e+00
8.157798165137614887e+02 1.422687940669928874e+00 1.381427358263070282e+00 1.463948523076787467e+00
8.288073394495411321e+02 1.479249164574018005e+00 1.438287746574441472e+00 1.520210582573594538e+00
8.418348623853210029e+02 1.523935736268852370e+00 1.479115869456059551e+00 1.568755603081645189e+00
8.548623853211008736e+02 1.550353102759649992e+00 1.505949865668410492e+00 1.594756339850889493e+00
8.678899082568807444e+02 1.560942258193408039e+00 1.516852841443878219e+00 1.605031674942937858e+00
8.809174311926603878e+02 1.575464574108668803e+00 1.528898157408384417e+00 1.622030990808953188e+00
8.939449541284402585e+02 1.596661585448593934e+00 1.552171244778845383e+00 1.641151926118342486e+00
9.069724770642201293e+02 1.641941887026590718e+00 1.594177478936081194e+00 1.689706295117100243e+00
9.200000000000000000e+02 1.704552708876981182e+00 1.652166645450387161e+00 1.756938772303575202e+00
9.330275229357796434e+02 1.779995256332409959e+00 1.726388124931152346e+00 1.833602387733667571e+00
9.460550458715595141e+02 1.906457552585585802e+00 1.852483263466927710e+00 1.960431841704243894e+00
9.590825688073393849e+02 2.072602167403070350e+00 2.023973628566023475e+00 2.121230706240117225e+00
9.721100917431192556e+02 2.278134314728370580e+00 2.232844809067783043e+00 2.323423820388958116e+00
9.851376146788988990e+02 2.534478052835140716e+00 2.493453352622118757e+00 2.575502753048162674e+00
9.981651376146787698e+02 2.821001762746006225e+00 2.782255653031587617e+00 2.859747872460424833e+00
1.011192660550458641e+03 3.144813891040348697e+00 3.106991037035228498e+00 3.182636745045468896e+00
1.024220183486238511e+03 3.486020310599712069e+00 3.448163348729206490e+00 3.523877272470217648e+00
1.037247706422018155e+03 3.802843877805936579e+00 3.764652736212174222e+00 3.841035019399698935e+00
1.050275229357798025e+03 4.109194565588753179e+00 4.067846729849970977e+00 4.150542401327535380e+00
1.063302752293577896e+03 4.364096550731437318e+00 4.321284515356424549e+00 4.406908586106450088e+00
1.076330275229357767e+03 4.540003735820444142e+00 4.491823477874028470e+00 4.588183993766859814e+00
1.089357798165137410e+03 4.636405555051920757e+00 4.590628122724825566e+00 4.682182987379015948e+00
1.102385321100917281e+03 4.638948125645047327e+00 4.595950443807628183e+00 4.681945807482466471e+00
1.115412844036697152e+03 4.554483839200845097e+00 4.510861507831310568e+00 4.598106170570379625e+00
1.128440366972477023e+03 4.370604604722426068e+00 4.328613163652686779e+00 4.412596045792165356e+00
1.141467889908256666e+03 4.103558637633025974e+00 4.054887253841839900e+00 4.152230021424212048e+00
1.154495412844036537e+03 3.768977028136333285e+00 3.713884405356479679e+00 3.824069650916186891e+00
1.167522935779816407e+03 3.380116754611937946e+00 3.322712219053128635e+00 3.437521290170747257e+00
1.180550458715596278e+03 2.935696855245554016e+00 2.876822044227354436e+00 2.994571666263753595e+00
1.193577981651376149e+03 2.470520869914976103e+00 2.412411640059344275e+00 2.528630099770607931e+00
1.206605504587155792e+03 2.019241313416604289e+00 1.960656991176183972e+00 2.077825635657024606e+00
1.219633027522935663e+03 1.592847666656676653e+00 1.537182510007203851e+00 1.648512823306149455e+00
1.232660550458715534e+03 1.198226256047793425e+00 1.146717885257587222e+00 1.249734626837999629e+00
1.245688073394495405e+03 8.593597850708595276e-01 8.152725590517791998e-01 9.034470110899398554e-01
1.258715596330275048e+03 5.823093678400191875e-01 5.428243401383044953e-01 6.217943955417338797e-01
1.271743119266054919e+03 3.715654356496476129e-01 3.313687585635500255e-01 4.117621127357452004e-01
1.284770642201834789e+03 2.366565863951676230e-01 1.976920765669477609e-01 2.756210962233874850e-01
1.297798165137614660e+03 1.574160843919343578e-01 1.178599324923851749e-01 1.969722362914835267e-01
1.310825688073394304e+03 1.195483806392448611e-01 8.060132140463591166e-02 1.584954398738538106e-01
1.323853211009174174e+03 1.261154167991638542e-01 8.537678473892951203e-02 1.668540488593981963e-01
1.336880733944954045e+03 1.512065345190497512e-01 1.113459251891042445e-01 1.910671438489952578e-01
1.349908256880733916e+03 1.843539534882495945e-01 1.455649825562321253e-01 2.231429244202670636e-01
1.362935779816513559e+03 2.227935810769573199e-01 1.833906334647896208e-01 2.621965286891250191e-01
1.375963302752293430e+03 2.490161846261157719e-01 2.102489493611562343e-01 2.877834198910753094e-01
1.388990825688073301e+03 2.747908145949846115e-01 2.372523190861620113e-01 3.123293101038072117e-01
1.402018348623853171e+03 2.917092931299827274e-01 2.532689083619205639e-01 3.301496778980448910e-01
1.415045871559632815e+03 2.904132092309696933e-01 2.499828458733537317e-01 3.308435725885856549e-01
1.428073394495412686e+03 2.725730784142286756e-01 2.333425706305687908e-01 3.118035861978885603e-01
1.441100917431192556e+03 2.404709602923129907e-01 2.040281973462718945e-01 2.769137232383540592e-01
1.454128440366972427e+03 1.878859946509585654e-01 1.566085288757710359e-01 2.191634604261460950e-01
1.467155963302752070e+03 1.293120272134165305e-01 1.021565567639231009e-01 1.564674976629099601e-01
1.480183486238531941e+03 6.654890105721528171e-02 4.321957097288178784e-02 8.987823114154877557e-02
1.493211009174311812e+03 2.534260988128798214e-02 7.592994062450335313e-03 4.309222570012562897e-02
1.506238532110091683e+03 -5.568025127558081169e-03 -1.882801433227141927e-02 7.691964077155256929e-03
1.519266055045871326e+03 -2.570641174740897344e-02 -3.675316557317209742e-02 -1.465965792164584773e-02
1.532293577981651197e+03 -2.682710104468650700e-02 -3.760024448325393481e-02 -1.605395760611907918e-02
1.545321100917431068e+03 -1.686538718445065518e-02 -2.701755470233662207e-02 -6.713219666564688298e-03
1.558348623853210938e+03 -1.961936913338441224e-02 -2.734441604361042416e-02 -1.189432222315840032e-02
1.571376146788990809e+03 -1.981673104780975678e-02 -2.846425183896480332e-02 -1.116921025665471023e-02
1.584403669724770680e+03 -1.151355512923622065e-02 -1.980358064586076189e-02 -3.223529612611677683e-03
1.597431192660550550e+03 -1.591842628324312498e-03 -9.540612300028486828e-03 6.356927043379862266e-03
1.610458715596329967e+03 5.978866765374680516e-03 2.848853270507852378e-04 1.167284820369857493e-02
1.623486238532109837e+03 1.039129760196917142e-02 4.595412078101697093e-03 1.618718312583664748e-02
1.636513761467889708e+03 7.629497393745431934e-03 4.407797048493761714e-03 1.085119773899710302e-02
1.649541284403669579e+03 0.000000000000000000e+00 0.000000000000000000e+00 0.000000000000000000e+00
1.662568807339449450e+03 0.000000000000000000e+00 0.000000000000000000e+00 0.000000000000000000e+00
1.675596330275229320e+03 0.000000000000000000e+00 0.000000000000000000e+00 0.000000000000000000e+00
1.688623853211009191e+03 0.000000000000000000e+00 0.000000000000000000e+00 0.000000000000000000e+00
1.701651376146789062e+03 0.000000000000000000e+00 0.000000000000000000e+00 0.000000000000000000e+00
1.714678899082568478e+03 0.000000000000000000e+00 0.000000000000000000e+00 0.000000000000000000e+00
1.727706422018348349e+03 0.000000000000000000e+00 0.000000000000000000e+00 0.000000000000000000e+00
1.740733944954128219e+03 0.000000000000000000e+00 0.000000000000000000e+00 0.000000000000000000e+00
1.753761467889908090e+03 0.000000000000000000e+00 0.000000000000000000e+00 0.000000000000000000e+00
1.766788990825687961e+03 0.000000000000000000e+00 0.000000000000000000e+00 0.000000000000000000e+00
1.779816513761467832e+03 0.000000000000000000e+00 0.000000000000000000e+00 0.000000000000000000e+00
1.792844036697247702e+03 0.000000000000000000e+00 0.000000000000000000e+00 0.000000000000000000e+00
1.805871559633027573e+03 0.000000000000000000e+00 0.000000000000000000e+00 0.000000000000000000e+00
1.818899082568806989e+03 0.000000000000000000e+00 0.000000000000000000e+00 0.000000000000000000e+00
1.831926605504586860e+03 0.000000000000000000e+00 0.000000000000000000e+00 0.000000000000000000e+00
1.844954128440366731e+03 0.000000000000000000e+00 0.000000000000000000e+00 0.000000000000000000e+00
1.857981651376146601e+03 0.000000000000000000e+00 0.000000000000000000e+00 0.000000000000000000e+00
1.871009174311926472e+03 0.000000000000000000e+00 0.000000000000000000e+00 0.000000000000000000e+00
1.884036697247706343e+03 0.000000000000000000e+00 0.000000000000000000e+00 0.000000000000000000e+00
1.897064220183486214e+03 0.000000000000000000e+00 0.000000000000000000e+00 0.000000000000000000e+00
1.910091743119266084e+03 0.000000000000000000e+00 0.000000000000000000e+00 0.000000000000000000e+00
1.923119266055045500e+03 0.000000000000000000e+00 0.000000000000000000e+00 0.000000000000000000e+00
1.936146788990825371e+03 0.000000000000000000e+00 0.000000000000000000e+00 0.000000000000000000e+00
1.949174311926605242e+03 0.000000000000000000e+00 0.000000000000000000e+00 0.000000000000000000e+00
1.962201834862385113e+03 0.000000000000000000e+00 0.000000000000000000e+00 0.000000000000000000e+00
1.975229357798164983e+03 0.000000000000000000e+00 0.000000000000000000e+00 0.000000000000000000e+00
1.988256880733944854e+03 0.000000000000000000e+00 0.000000000000000000e+00 0.000000000000000000e+00
2.001284403669724725e+03 0.000000000000000000e+00 0.000000000000000000e+00 0.000000000000000000e+00
2.014311926605504595e+03 0.000000000000000000e+00 0.000000000000000000e+00 0.000000000000000000e+00
2.027339449541284466e+03 0.000000000000000000e+00 0.000000000000000000e+00 0.000000000000000000e+00
2.040366972477063882e+03 0.000000000000000000e+00 0.000000000000000000e+00 0.000000000000000000e+00
2.053394495412843753e+03 0.000000000000000000e+00 0.000000000000000000e+00 0.000000000000000000e+00
2.066422018348623624e+03 0.000000000000000000e+00 0.000000000000000000e+00 0.000000000000000000e+00
2.079449541284403495e+03 0.000000000000000000e+00 0.000000000000000000e+00 0.000000000000000000e+00
2.092477064220183365e+03 0.000000000000000000e+00 0.000000000000000000e+00 0.000000000000000000e+00
2.105504587155963236e+03 0.000000000000000000e+00 0.000000000000000000e+00 0.000000000000000000e+00
2.118532110091743107e+03 0.000000000000000000e+00 0.000000000000000000e+00 0.000000000000000000e+00
2.131559633027522977e+03 0.000000000000000000e+00 0.000000000000000000e+00 0.000000000000000000e+00
2.144587155963302394e+03 0.000000000000000000e+00 0.000000000000000000e+00 0.000000000000000000e+00
2.157614678899082264e+03 0.000000000000000000e+00 0.000000000000000000e+00 0.000000000000000000e+00
2.170642201834862135e+03 0.000000000000000000e+00 0.000000000000000000e+00 0.000000000000000000e+00
2.183669724770642006e+03 0.000000000000000000e+00 0.000000000000000000e+00 0.000000000000000000e+00
2.196697247706421877e+03 0.000000000000000000e+00 0.000000000000000000e+00 0.000000000000000000e+00
2.209724770642201747e+03 0.000000000000000000e+00 0.000000000000000000e+00 0.000000000000000000e+00
2.222752293577981618e+03 0.000000000000000000e+00 0.000000000000000000e+00 0.000000000000000000e+00
2.235779816513761489e+03 0.000000000000000000e+00 0.000000000000000000e+00 0.000000000000000000e+00
2.248807339449540905e+03 0.000000000000000000e+00 0.000000000000000000e+00 0.000000000000000000e+00
2.261834862385320776e+03 0.000000000000000000e+00 0.000000000000000000e+00 0.000000000000000000e+00
2.274862385321100646e+03 0.000000000000000000e+00 0.000000000000000000e+00 0.000000000000000000e+00
2.287889908256880517e+03 0.000000000000000000e+00 0.000000000000000000e+00 0.000000000000000000e+00
2.300917431192660388e+03 0.000000000000000000e+00 0.000000000000000000e+00 0.000000000000000000e+00
2.313944954128440259e+03 0.000000000000000000e+00 0.000000000000000000e+00 0.000000000000000000e+00
2.326972477064220129e+03 0.000000000000000000e+00 0.000000000000000000e+00 0.000000000000000000e+00
2.340000000000000000e+03 0.000000000000000000e+00 0.000000000000000000e+00 0.000000000000000000e+00
2.353027522935779416e+03 0.000000000000000000e+00 0.000000000000000000e+00 0.000000000000000000e+00
2.366055045871559287e+03 0.000000000000000000e+00 0.000000000000000000e+00 0.000000000000000000e+00
2.379082568807339158e+03 0.000000000000000000e+00 0.000000000000000000e+00 0.000000000000000000e+00
2.392110091743119028e+03 0.000000000000000000e+00 0.000000000000000000e+00 0.000000000000000000e+00
2.405137614678898899e+03 0.000000000000000000e+00 0.000000000000000000e+00 0.000000000000000000e+00
2.418165137614678770e+03 0.000000000000000000e+00 0.000000000000000000e+00 0.000000000000000000e+00
2.431192660550458641e+03 0.000000000000000000e+00 0.000000000000000000e+00 0.000000000000000000e+00
2.444220183486238511e+03 0.000000000000000000e+00 0.000000000000000000e+00 0.000000000000000000e+00
2.457247706422018382e+03 0.000000000000000000e+00 0.000000000000000000e+00 0.000000000000000000e+00
2.470275229357797798e+03 0.000000000000000000e+00 0.000000000000000000e+00 0.000000000000000000e+00
2.483302752293577669e+03 0.000000000000000000e+00 0.000000000000000000e+00 0.000000000000000000e+00
2.496330275229357540e+03 0.000000000000000000e+00 0.000000000000000000e+00 0.000000000000000000e+00
2.509357798165137410e+03 0.000000000000000000e+00 0.000000000000000000e+00 0.000000000000000000e+00
2.522385321100917281e+03 0.000000000000000000e+00 0.000000000000000000e+00 0.000000000000000000e+00
2.535412844036697152e+03 0.000000000000000000e+00 0.000000000000000000e+00 0.000000000000000000e+00
2.548440366972477023e+03 0.000000000000000000e+00 0.000000000000000000e+00 0.000000000000000000e+00
2.561467889908256893e+03 0.000000000000000000e+00 0.000000000000000000e+00 0.000000000000000000e+00
2.574495412844036309e+03 0.000000000000000000e+00 0.000000000000000000e+00 0.000000000000000000e+00
2.587522935779816180e+03 0.000000000000000000e+00 0.000000000000000000e+00 0.000000000000000000e+00
2.600550458715596051e+03 0.000000000000000000e+00 0.000000000000000000e+00 0.000000000000000000e+00
2.613577981651375922e+03 0.000000000000000000e+00 0.000000000000000000e+00 0.000000000000000000e+00
2.626605504587155792e+03 0.000000000000000000e+00 0.000000000000000000e+00 0.000000000000000000e+00
2.639633027522935663e+03 0.000000000000000000e+00 0.000000000000000000e+00 0.000000000000000000e+00
2.652660550458715534e+03 0.000000000000000000e+00 0.000000000000000000e+00 0.000000000000000000e+00
2.665688073394495405e+03 0.000000000000000000e+00 0.000000000000000000e+00 0.000000000000000000e+00
2.678715596330274821e+03 0.000000000000000000e+00 0.000000000000000000e+00 0.000000000000000000e+00
2.691743119266054691e+03 0.000000000000000000e+00 0.000000000000000000e+00 0.000000000000000000e+00
2.704770642201834562e+03 0.000000000000000000e+00 0.000000000000000000e+00 0.000000000000000000e+00
2.717798165137614433e+03 0.000000000000000000e+00 0.000000000000000000e+00 0.000000000000000000e+00
2.730825688073394304e+03 0.000000000000000000e+00 0.000000000000000000e+00 0.000000000000000000e+00
2.743853211009174174e+03 0.000000000000000000e+00 0.000000000000000000e+00 0.000000000000000000e+00
2.756880733944954045e+03 0.000000000000000000e+00 0.000000000000000000e+00 0.000000000000000000e+00
2.769908256880733916e+03 0.000000000000000000e+00 0.000000000000000000e+00 0.000000000000000000e+00
2.782935779816513332e+03 0.000000000000000000e+00 0.000000000000000000e+00 0.000000000000000000e+00
2.795963302752293203e+03 0.000000000000000000e+00 0.000000000000000000e+00 0.000000000000000000e+00
2.808990825688073073e+03 0.000000000000000000e+00 0.000000000000000000e+00 0.000000000000000000e+00
2.822018348623852944e+03 0.000000000000000000e+00 0.000000000000000000e+00 0.000000000000000000e+00
2.835045871559632815e+03 0.000000000000000000e+00 0.000000000000000000e+00 0.000000000000000000e+00
2.848073394495412686e+03 0.000000000000000000e+00 0.000000000000000000e+00 0.000000000000000000e+00
2.861100917431192556e+03 0.000000000000000000e+00 0.000000000000000000e+00 0.000000000000000000e+00
2.874128440366972427e+03 0.000000000000000000e+00 0.000000000000000000e+00 0.000000000000000000e+00
2.887155963302752298e+03 0.000000000000000000e+00 0.000000000000000000e+00 0.000000000000000000e+00
2.900183486238531714e+03 0.000000000000000000e+00 0.000000000000000000e+00 0.000000000000000000e+00
2.913211009174311585e+03 0.000000000000000000e+00 0.000000000000000000e+00 0.000000000000000000e+00
2.926238532110091455e+03 0.000000000000000000e+00 0.000000000000000000e+00 0.000000000000000000e+00
2.939266055045871326e+03 0.000000000000000000e+00 0.000000000000000000e+00 0.000000000000000000e+00
2.952293577981651197e+03 0.000000000000000000e+00 0.000000000000000000e+00 0.000000000000000000e+00
2.965321100917431068e+03 0.000000000000000000e+00 0.000000000000000000e+00 0.000000000000000000e+00
2.978348623853210938e+03 0.000000000000000000e+00 0.000000000000000000e+00 0.000000000000000000e+00
2.991376146788990809e+03 0.000000000000000000e+00 0.000000000000000000e+00 0.000000000000000000e+00
3.004403669724770225e+03 0.000000000000000000e+00 0.000000000000000000e+00 0.000000000000000000e+00
3.017431192660550096e+03 0.000000000000000000e+00 0.000000000000000000e+00 0.000000000000000000e+00
3.030458715596329967e+03 0.000000000000000000e+00 0.000000000000000000e+00 0.000000000000000000e+00
3.043486238532109837e+03 0.000000000000000000e+00 0.000000000000000000e+00 0.000000000000000000e+00
3.056513761467889708e+03 0.000000000000000000e+00 0.000000000000000000e+00 0.000000000000000000e+00
3.069541284403669579e+03 0.000000000000000000e+00 0.000000000000000000e+00 0.000000000000000000e+00
3.082568807339449450e+03 0.000000000000000000e+00 0.000000000000000000e+00 0.000000000000000000e+00
3.095596330275229320e+03 0.000000000000000000e+00 0.000000000000000000e+00 0.000000000000000000e+00
3.108623853211008736e+03 0.000000000000000000e+00 0.000000000000000000e+00 0.000000000000000000e+00
3.121651376146788607e+03 0.000000000000000000e+00 0.000000000000000000e+00 0.000000000000000000e+00
3.134678899082568478e+03 0.000000000000000000e+00 0.000000000000000000e+00 0.000000000000000000e+00
3.147706422018348349e+03 0.000000000000000000e+00 0.000000000000000000e+00 0.000000000000000000e+00
3.160733944954128219e+03 0.000000000000000000e+00 0.000000000000000000e+00 0.000000000000000000e+00
3.173761467889908090e+03 0.000000000000000000e+00 0.000000000000000000e+00 0.000000000000000000e+00
3.186788990825687961e+03 0.000000000000000000e+00 0.000000000000000000e+00 0.000000000000000000e+00
3.199816513761467832e+03 0.000000000000000000e+00 0.000000000000000000e+00 0.000000000000000000e+00
3.212844036697247248e+03 0.000000000000000000e+00 0.000000000000000000e+00 0.000000000000000000e+00
3.225871559633027118e+03 0.000000000000000000e+00 0.000000000000000000e+00 0.000000000000000000e+00
3.238899082568806989e+03 0.000000000000000000e+00 0.000000000000000000e+00 0.000000000000000000e+00
3.251926605504586860e+03 0.000000000000000000e+00 0.000000000000000000e+00 0.000000000000000000e+00
3.264954128440366731e+03 0.000000000000000000e+00 0.000000000000000000e+00 0.000000000000000000e+00
3.277981651376146601e+03 0.000000000000000000e+00 0.000000000000000000e+00 0.000000000000000000e+00
3.291009174311926472e+03 0.000000000000000000e+00 0.000000000000000000e+00 0.000000000000000000e+00
3.304036697247706343e+03 0.000000000000000000e+00 0.000000000000000000e+00 0.000000000000000000e+00
3.317064220183486214e+03 0.000000000000000000e+00 0.000000000000000000e+00 0.000000000000000000e+00
3.330091743119265630e+03 0.000000000000000000e+00 0.000000000000000000e+00 0.000000000000000000e+00
3.343119266055045500e+03 0.000000000000000000e+00 0.000000000000000000e+00 0.000000000000000000e+00
3.356146788990825371e+03 0.000000000000000000e+00 0.000000000000000000e+00 0.000000000000000000e+00
3.369174311926605242e+03 0.000000000000000000e+00 0.000000000000000000e+00 0.000000000000000000e+00
3.382201834862385113e+03 0.000000000000000000e+00 0.000000000000000000e+00 0.000000000000000000e+00
3.395229357798164983e+03 0.000000000000000000e+00 0.000000000000000000e+00 0.000000000000000000e+00
3.408256880733944854e+03 0.000000000000000000e+00 0.000000000000000000e+00 0.000000000000000000e+00
3.421284403669724725e+03 0.000000000000000000e+00 0.000000000000000000e+00 0.000000000000000000e+00
3.434311926605504141e+03 0.000000000000000000e+00 0.000000000000000000e+00 0.000000000000000000e+00
3.447339449541284012e+03 0.000000000000000000e+00 0.000000000000000000e+00 0.000000000000000000e+00
3.460366972477063882e+03 0.000000000000000000e+00 0.000000000000000000e+00 0.000000000000000000e+00
3.473394495412843753e+03 0.000000000000000000e+00 0.000000000000000000e+00 0.000000000000000000e+00
3.486422018348623624e+03 0.000000000000000000e+00 0.000000000000000000e+00 0.000000000000000000e+00
3.499449541284403495e+03 0.000000000000000000e+00 0.000000000000000000e+00 0.000000000000000000e+00
3.512477064220183365e+03 0.000000000000000000e+00 0.000000000000000000e+00 0.000000000000000000e+00
3.525504587155963236e+03 0.000000000000000000e+00 0.000000000000000000e+00 0.000000000000000000e+00
3.538532110091742652e+03 0.000000000000000000e+00 0.000000000000000000e+00 0.000000000000000000e+00
3.551559633027522523e+03 0.000000000000000000e+00 0.000000000000000000e+00 0.000000000000000000e+00
3.564587155963302394e+03 0.000000000000000000e+00 0.000000000000000000e+00 0.000000000000000000e+00
3.577614678899082264e+03 0.000000000000000000e+00 0.000000000000000000e+00 0.000000000000000000e+00
3.590642201834862135e+03 0.000000000000000000e+00 0.000000000000000000e+00 0.000000000000000000e+00
3.603669724770641551e+03 0.000000000000000000e+00 0.000000000000000000e+00 0.000000000000000000e+00
3.616697247706421877e+03 0.000000000000000000e+00 0.000000000000000000e+00 0.000000000000000000e+00
3.629724770642201293e+03 0.000000000000000000e+00 0.000000000000000000e+00 0.000000000000000000e+00
3.642752293577981618e+03 0.000000000000000000e+00 0.000000000000000000e+00 0.000000000000000000e+00
3.655779816513761034e+03 0.000000000000000000e+00 0.000000000000000000e+00 0.000000000000000000e+00
3.668807339449541359e+03 0.000000000000000000e+00 0.000000000000000000e+00 0.000000000000000000e+00
3.681834862385320776e+03 0.000000000000000000e+00 0.000000000000000000e+00 0.000000000000000000e+00
3.694862385321101101e+03 0.000000000000000000e+00 0.000000000000000000e+00 0.000000000000000000e+00
3.707889908256880517e+03 0.000000000000000000e+00 0.000000000000000000e+00 0.000000000000000000e+00
3.720917431192659933e+03 0.000000000000000000e+00 0.000000000000000000e+00 0.000000000000000000e+00
3.733944954128440259e+03 0.000000000000000000e+00 0.000000000000000000e+00 0.000000000000000000e+00
3.746972477064219675e+03 0.000000000000000000e+00 0.000000000000000000e+00 0.000000000000000000e+00
3.760000000000000000e+03 0.000000000000000000e+00 0.000000000000000000e+00 0.000000000000000000e+00
3.773027522935779416e+03 0.000000000000000000e+00 0.000000000000000000e+00 0.000000000000000000e+00
3.786055045871559741e+03 0.000000000000000000e+00 0.000000000000000000e+00 0.000000000000000000e+00
3.799082568807339158e+03 0.000000000000000000e+00 0.000000000000000000e+00 0.000000000000000000e+00
3.812110091743118574e+03 0.000000000000000000e+00 0.000000000000000000e+00 0.000000000000000000e+00
3.825137614678898899e+03 0.000000000000000000e+00 0.000000000000000000e+00 0.000000000000000000e+00
3.838165137614678315e+03 0.000000000000000000e+00 0.000000000000000000e+00 0.000000000000000000e+00
3.851192660550458641e+03 0.000000000000000000e+00 0.000000000000000000e+00 0.000000000000000000e+00
3.864220183486238057e+03 0.000000000000000000e+00 0.000000000000000000e+00 0.000000000000000000e+00
3.877247706422018382e+03 0.000000000000000000e+00 0.000000000000000000e+00 0.000000000000000000e+00
3.890275229357797798e+03 0.000000000000000000e+00 0.000000000000000000e+00 0.000000000000000000e+00
3.903302752293578123e+03 0.000000000000000000e+00 0.000000000000000000e+00 0.000000000000000000e+00
3.916330275229357540e+03 0.000000000000000000e+00 0.000000000000000000e+00 0.000000000000000000e+00
3.929357798165136956e+03 0.000000000000000000e+00 0.000000000000000000e+00 0.000000000000000000e+00
3.942385321100917281e+03 0.000000000000000000e+00 0.000000000000000000e+00 0.000000000000000000e+00
3.955412844036696697e+03 0.000000000000000000e+00 0.000000000000000000e+00 0.000000000000000000e+00
3.968440366972477023e+03 0.000000000000000000e+00 0.000000000000000000e+00 0.000000000000000000e+00
3.981467889908256439e+03 0.000000000000000000e+00 0.000000000000000000e+00 0.000000000000000000e+00
3.994495412844036764e+03 0.000000000000000000e+00 0.000000000000000000e+00 0.000000000000000000e+00
4.007522935779816180e+03 0.000000000000000000e+00 0.000000000000000000e+00 0.000000000000000000e+00
4.020550458715595596e+03 0.000000000000000000e+00 0.000000000000000000e+00 0.000000000000000000e+00
4.033577981651375922e+03 0.000000000000000000e+00 0.000000000000000000e+00 0.000000000000000000e+00
4.046605504587155338e+03 0.000000000000000000e+00 0.000000000000000000e+00 0.000000000000000000e+00
4.059633027522935663e+03 0.000000000000000000e+00 0.000000000000000000e+00 0.000000000000000000e+00
4.072660550458715079e+03 0.000000000000000000e+00 0.000000000000000000e+00 0.000000000000000000e+00
4.085688073394495405e+03 0.000000000000000000e+00 0.000000000000000000e+00 0.000000000000000000e+00
4.098715596330274821e+03 0.000000000000000000e+00 0.000000000000000000e+00 0.000000000000000000e+00
4.111743119266055146e+03 0.000000000000000000e+00 0.000000000000000000e+00 0.000000000000000000e+00
4.124770642201834562e+03 0.000000000000000000e+00 0.000000000000000000e+00 0.000000000000000000e+00
4.137798165137613978e+03 0.000000000000000000e+00 0.000000000000000000e+00 0.000000000000000000e+00
4.150825688073394304e+03 0.000000000000000000e+00 0.000000000000000000e+00 0.000000000000000000e+00
4.163853211009173720e+03 0.000000000000000000e+00 0.000000000000000000e+00 0.000000000000000000e+00
4.176880733944954045e+03 0.000000000000000000e+00 0.000000000000000000e+00 0.000000000000000000e+00
4.189908256880733461e+03 0.000000000000000000e+00 0.000000000000000000e+00 0.000000000000000000e+00
4.202935779816513786e+03 0.000000000000000000e+00 0.000000000000000000e+00 0.000000000000000000e+00
4.215963302752293203e+03 0.000000000000000000e+00 0.000000000000000000e+00 0.000000000000000000e+00
4.228990825688073528e+03 0.000000000000000000e+00 0.000000000000000000e+00 0.000000000000000000e+00
4.242018348623852944e+03 0.000000000000000000e+00 0.000000000000000000e+00 0.000000000000000000e+00
4.255045871559632360e+03 0.000000000000000000e+00 0.000000000000000000e+00 0.000000000000000000e+00
4.268073394495412686e+03 0.000000000000000000e+00 0.000000000000000000e+00 0.000000000000000000e+00
4.281100917431192102e+03 0.000000000000000000e+00 0.000000000000000000e+00 0.000000000000000000e+00
4.294128440366972427e+03 0.000000000000000000e+00 0.000000000000000000e+00 0.000000000000000000e+00
4.307155963302751843e+03 0.000000000000000000e+00 0.000000000000000000e+00 0.000000000000000000e+00
4.320183486238532168e+03 0.000000000000000000e+00 0.000000000000000000e+00 0.000000000000000000e+00
4.333211009174311585e+03 0.000000000000000000e+00 0.000000000000000000e+00 0.000000000000000000e+00
4.346238532110091001e+03 0.000000000000000000e+00 0.000000000000000000e+00 0.000000000000000000e+00
4.359266055045871326e+03 0.000000000000000000e+00 0.000000000000000000e+00 0.000000000000000000e+00
4.372293577981650742e+03 0.000000000000000000e+00 0.000000000000000000e+00 0.000000000000000000e+00
4.385321100917431068e+03 0.000000000000000000e+00 0.000000000000000000e+00 0.000000000000000000e+00
4.398348623853210484e+03 0.000000000000000000e+00 0.000000000000000000e+00 0.000000000000000000e+00
4.411376146788990809e+03 0.000000000000000000e+00 0.000000000000000000e+00 0.000000000000000000e+00
4.424403669724770225e+03 0.000000000000000000e+00 0.000000000000000000e+00 0.000000000000000000e+00
4.437431192660550550e+03 0.000000000000000000e+00 0.000000000000000000e+00 0.000000000000000000e+00
4.450458715596329967e+03 0.000000000000000000e+00 0.000000000000000000e+00 0.000000000000000000e+00
4.463486238532109383e+03 0.000000000000000000e+00 0.000000000000000000e+00 0.000000000000000000e+00
4.476513761467889708e+03 0.000000000000000000e+00 0.000000000000000000e+00 0.000000000000000000e+00
4.489541284403669124e+03 0.000000000000000000e+00 0.000000000000000000e+00 0.000000000000000000e+00
4.502568807339449450e+03 0.000000000000000000e+00 0.000000000000000000e+00 0.000000000000000000e+00
4.515596330275228866e+03 0.000000000000000000e+00 0.000000000000000000e+00 0.000000000000000000e+00
4.528623853211009191e+03 0.000000000000000000e+00 0.000000000000000000e+00 0.000000000000000000e+00
4.541651376146788607e+03 0.000000000000000000e+00 0.000000000000000000e+00 0.000000000000000000e+00
4.554678899082568932e+03 0.000000000000000000e+00 0.000000000000000000e+00 0.000000000000000000e+00
4.567706422018348349e+03 0.000000000000000000e+00 0.000000000000000000e+00 0.000000000000000000e+00
4.580733944954127765e+03 0.000000000000000000e+00 0.000000000000000000e+00 0.000000000000000000e+00
4.593761467889908090e+03 0.000000000000000000e+00 0.000000000000000000e+00 0.000000000000000000e+00
4.606788990825687506e+03 0.000000000000000000e+00 0.000000000000000000e+00 0.000000000000000000e+00
4.619816513761467832e+03 0.000000000000000000e+00 0.000000000000000000e+00 0.000000000000000000e+00
4.632844036697247248e+03 0.000000000000000000e+00 0.000000000000000000e+00 0.000000000000000000e+00
4.645871559633027573e+03 0.000000000000000000e+00 0.000000000000000000e+00 0.000000000000000000e+00
4.658899082568806989e+03 0.000000000000000000e+00 0.000000000000000000e+00 0.000000000000000000e+00
4.671926605504586405e+03 0.000000000000000000e+00 0.000000000000000000e+00 0.000000000000000000e+00
4.684954128440366731e+03 0.000000000000000000e+00 0.000000000000000000e+00 0.000000000000000000e+00
4.697981651376146147e+03 0.000000000000000000e+00 0.000000000000000000e+00 0.000000000000000000e+00
4.711009174311926472e+03 0.000000000000000000e+00 0.000000000000000000e+00 0.000000000000000000e+00
4.724036697247705888e+03 0.000000000000000000e+00 0.000000000000000000e+00 0.000000000000000000e+00
4.737064220183486214e+03 0.000000000000000000e+00 0.000000000000000000e+00 0.000000000000000000e+00
4.750091743119265630e+03 0.000000000000000000e+00 0.000000000000000000e+00 0.000000000000000000e+00
4.763119266055045955e+03 0.000000000000000000e+00 0.000000000000000000e+00 0.000000000000000000e+00
4.776146788990825371e+03 0.000000000000000000e+00 0.000000000000000000e+00 0.000000000000000000e+00
4.789174311926604787e+03 0.000000000000000000e+00 0.000000000000000000e+00 0.000000000000000000e+00
4.802201834862385113e+03 0.000000000000000000e+00 0.000000000000000000e+00 0.000000000000000000e+00
4.815229357798164529e+03 0.000000000000000000e+00 0.000000000000000000e+00 0.000000000000000000e+00
4.828256880733944854e+03 0.000000000000000000e+00 0.000000000000000000e+00 0.000000000000000000e+00
4.841284403669724270e+03 0.000000000000000000e+00 0.000000000000000000e+00 0.000000000000000000e+00
4.854311926605504595e+03 0.000000000000000000e+00 0.000000000000000000e+00 0.000000000000000000e+00
4.867339449541284012e+03 0.000000000000000000e+00 0.000000000000000000e+00 0.000000000000000000e+00
4.880366972477063428e+03 0.000000000000000000e+00 0.000000000000000000e+00 0.000000000000000000e+00
4.893394495412843753e+03 0.000000000000000000e+00 0.000000000000000000e+00 0.000000000000000000e+00
4.906422018348623169e+03 0.000000000000000000e+00 0.000000000000000000e+00 0.000000000000000000e+00
4.919449541284403495e+03 0.000000000000000000e+00 0.000000000000000000e+00 0.000000000000000000e+00
4.932477064220182911e+03 0.000000000000000000e+00 0.000000000000000000e+00 0.000000000000000000e+00
4.945504587155963236e+03 0.000000000000000000e+00 0.000000000000000000e+00 0.000000000000000000e+00
4.958532110091742652e+03 0.000000000000000000e+00 0.000000000000000000e+00 0.000000000000000000e+00
4.971559633027522977e+03 0.000000000000000000e+00 0.000000000000000000e+00 0.000000000000000000e+00
4.984587155963302394e+03 0.000000000000000000e+00 0.000000000000000000e+00 0.000000000000000000e+00
4.997614678899081810e+03 0.000000000000000000e+00 0.000000000000000000e+00 0.000000000000000000e+00
5.010642201834862135e+03 0.000000000000000000e+00 0.000000000000000000e+00 0.000000000000000000e+00
5.023669724770641551e+03 0.000000000000000000e+00 0.000000000000000000e+00 0.000000000000000000e+00
5.036697247706421877e+03 0.000000000000000000e+00 0.000000000000000000e+00 0.000000000000000000e+00
5.049724770642201293e+03 0.000000000000000000e+00 0.000000000000000000e+00 0.000000000000000000e+00
5.062752293577981618e+03 0.000000000000000000e+00 0.000000000000000000e+00 0.000000000000000000e+00
5.075779816513761034e+03 0.000000000000000000e+00 0.000000000000000000e+00 0.000000000000000000e+00
5.088807339449541359e+03 0.000000000000000000e+00 0.000000000000000000e+00 0.000000000000000000e+00
5.101834862385320776e+03 0.000000000000000000e+00 0.000000000000000000e+00 0.000000000000000000e+00
5.114862385321100192e+03 0.000000000000000000e+00 0.000000000000000000e+00 0.000000000000000000e+00
5.127889908256880517e+03 0.000000000000000000e+00 0.000000000000000000e+00 0.000000000000000000e+00
5.140917431192659933e+03 0.000000000000000000e+00 0.000000000000000000e+00 0.000000000000000000e+00
5.153944954128440259e+03 0.000000000000000000e+00 0.000000000000000000e+00 0.000000000000000000e+00
5.166972477064219675e+03 0.000000000000000000e+00 0.000000000000000000e+00 0.000000000000000000e+00
5.180000000000000000e+03 0.000000000000000000e+00 0.000000000000000000e+00 0.000000000000000000e+00
5.193027522935779416e+03 0.000000000000000000e+00 0.000000000000000000e+00 0.000000000000000000e+00
5.206055045871558832e+03 0.000000000000000000e+00 0.000000000000000000e+00 0.000000000000000000e+00
5.219082568807339158e+03 0.000000000000000000e+00 0.000000000000000000e+00 0.000000000000000000e+00
5.232110091743118574e+03 0.000000000000000000e+00 0.000000000000000000e+00 0.000000000000000000e+00
5.245137614678898899e+03 0.000000000000000000e+00 0.000000000000000000e+00 0.000000000000000000e+00
5.258165137614678315e+03 0.000000000000000000e+00 0.000000000000000000e+00 0.000000000000000000e+00
5.271192660550458641e+03 0.000000000000000000e+00 0.000000000000000000e+00 0.000000000000000000e+00
5.284220183486238057e+03 0.000000000000000000e+00 0.000000000000000000e+00 0.000000000000000000e+00
5.297247706422018382e+03 0.000000000000000000e+00 0.000000000000000000e+00 0.000000000000000000e+00
5.310275229357797798e+03 0.000000000000000000e+00 0.000000000000000000e+00 0.000000000000000000e+00
5.323302752293577214e+03 0.000000000000000000e+00 0.000000000000000000e+00 0.000000000000000000e+00
5.336330275229357540e+03 0.000000000000000000e+00 0.000000000000000000e+00 0.000000000000000000e+00
5.349357798165136956e+03 0.000000000000000000e+00 0.000000000000000000e+00 0.000000000000000000e+00
5.362385321100917281e+03 0.000000000000000000e+00 0.000000000000000000e+00 0.000000000000000000e+00
5.375412844036696697e+03 0.000000000000000000e+00 0.000000000000000000e+00 0.000000000000000000e+00
5.388440366972477023e+03 0.000000000000000000e+00 0.000000000000000000e+00 0.000000000000000000e+00
5.401467889908256439e+03 0.000000000000000000e+00 0.000000000000000000e+00 0.000000000000000000e+00
5.414495412844036764e+03 0.000000000000000000e+00 0.000000000000000000e+00 0.000000000000000000e+00
5.427522935779816180e+03 0.000000000000000000e+00 0.000000000000000000e+00 0.000000000000000000e+00
5.440550458715595596e+03 0.000000000000000000e+00 0.000000000000000000e+00 0.000000000000000000e+00
5.453577981651375922e+03 0.000000000000000000e+00 0.000000000000000000e+00 0.000000000000000000e+00
5.466605504587155338e+03 0.000000000000000000e+00 0.000000000000000000e+00 0.000000000000000000e+00
5.479633027522935663e+03 0.000000000000000000e+00 0.000000000000000000e+00 0.000000000000000000e+00
5.492660550458715079e+03 0.000000000000000000e+00 0.000000000000000000e+00 0.000000000000000000e+00
5.505688073394495405e+03 0.000000000000000000e+00 0.000000000000000000e+00 0.000000000000000000e+00
5.518715596330274821e+03 0.000000000000000000e+00 0.000000000000000000e+00 0.000000000000000000e+00
5.531743119266054237e+03 0.000000000000000000e+00 0.000000000000000000e+00 0.000000000000000000e+00
5.544770642201834562e+03 0.000000000000000000e+00 0.000000000000000000e+00 0.000000000000000000e+00
5.557798165137613978e+03 0.000000000000000000e+00 0.000000000000000000e+00 0.000000000000000000e+00
5.570825688073394304e+03 0.000000000000000000e+00 0.000000000000000000e+00 0.000000000000000000e+00
5.583853211009173720e+03 0.000000000000000000e+00 0.000000000000000000e+00 0.000000000000000000e+00
5.596880733944954045e+03 0.000000000000000000e+00 0.000000000000000000e+00 0.000000000000000000e+00
5.609908256880733461e+03 0.000000000000000000e+00 0.000000000000000000e+00 0.000000000000000000e+00
5.622935779816513786e+03 0.000000000000000000e+00 0.000000000000000000e+00 0.000000000000000000e+00
5.635963302752293203e+03 0.000000000000000000e+00 0.000000000000000000e+00 0.000000000000000000e+00
5.648990825688072619e+03 0.000000000000000000e+00 0.000000000000000000e+00 0.000000000000000000e+00
5.662018348623852944e+03 0.000000000000000000e+00 0.000000000000000000e+00 0.000000000000000000e+00
5.675045871559632360e+03 0.000000000000000000e+00 0.000000000000000000e+00 0.000000000000000000e+00
5.688073394495412686e+03 0.000000000000000000e+00 0.000000000000000000e+00 0.000000000000000000e+00
5.701100917431192102e+03 0.000000000000000000e+00 0.000000000000000000e+00 0.000000000000000000e+00
5.714128440366972427e+03 0.000000000000000000e+00 0.000000000000000000e+00 0.000000000000000000e+00
5.727155963302751843e+03 0.000000000000000000e+00 0.000000000000000000e+00 0.000000000000000000e+00
5.740183486238531259e+03 0.000000000000000000e+00 0.000000000000000000e+00 0.000000000000000000e+00
5.753211009174311585e+03 0.000000000000000000e+00 0.000000000000000000e+00 0.000000000000000000e+00
5.766238532110091001e+03 0.000000000000000000e+00 0.000000000000000000e+00 0.000000000000000000e+00
5.779266055045871326e+03 0.000000000000000000e+00 0.000000000000000000e+00 0.000000000000000000e+00
5.792293577981650742e+03 0.000000000000000000e+00 0.000000000000000000e+00 0.000000000000000000e+00
5.805321100917431068e+03 0.000000000000000000e+00 0.000000000000000000e+00 0.000000000000000000e+00
5.818348623853210484e+03 0.000000000000000000e+00 0.000000000000000000e+00 0.000000000000000000e+00
5.831376146788990809e+03 0.000000000000000000e+00 0.000000000000000000e+00 0.000000000000000000e+00
5.844403669724770225e+03 0.000000000000000000e+00 0.000000000000000000e+00 0.000000000000000000e+00
5.857431192660549641e+03 0.000000000000000000e+00 0.000000000000000000e+00 0.000000000000000000e+00
5.870458715596329967e+03 0.000000000000000000e+00 0.000000000000000000e+00 0.000000000000000000e+00
5.883486238532109383e+03 0.000000000000000000e+00 0.000000000000000000e+00 0.000000000000000000e+00
5.896513761467889708e+03 0.000000000000000000e+00 0.000000000000000000e+00 0.000000000000000000e+00
5.909541284403669124e+03 0.000000000000000000e+00 0.000000000000000000e+00 0.000000000000000000e+00
5.922568807339449450e+03 0.000000000000000000e+00 0.000000000000000000e+00 0.000000000000000000e+00
5.935596330275228866e+03 0.000000000000000000e+00 0.000000000000000000e+00 0.000000000000000000e+00
5.948623853211009191e+03 0.000000000000000000e+00 0.000000000000000000e+00 0.000000000000000000e+00
5.961651376146788607e+03 0.000000000000000000e+00 0.000000000000000000e+00 0.000000000000000000e+00
5.974678899082568023e+03 0.000000000000000000e+00 0.000000000000000000e+00 0.000000000000000000e+00
5.987706422018348349e+03 0.000000000000000000e+00 0.000000000000000000e+00 0.000000000000000000e+00
6.000733944954127765e+03 0.000000000000000000e+00 0.000000000000000000e+00 0.000000000000000000e+00
6.013761467889908090e+03 0.000000000000000000e+00 0.000000000000000000e+00 0.000000000000000000e+00
6.026788990825687506e+03 0.000000000000000000e+00 0.000000000000000000e+00 0.000000000000000000e+00
6.039816513761467832e+03 0.000000000000000000e+00 0.000000000000000000e+00 0.000000000000000000e+00
6.052844036697247248e+03 0.000000000000000000e+00 0.000000000000000000e+00 0.000000000000000000e+00
6.065871559633026664e+03 0.000000000000000000e+00 0.000000000000000000e+00 0.000000000000000000e+00
6.078899082568806989e+03 0.000000000000000000e+00 0.000000000000000000e+00 0.000000000000000000e+00
6.091926605504586405e+03 0.000000000000000000e+00 0.000000000000000000e+00 0.000000000000000000e+00
6.104954128440366731e+03 0.000000000000000000e+00 0.000000000000000000e+00 0.000000000000000000e+00
6.117981651376146147e+03 0.000000000000000000e+00 0.000000000000000000e+00 0.000000000000000000e+00
6.131009174311926472e+03 0.000000000000000000e+00 0.000000000000000000e+00 0.000000000000000000e+00
6.144036697247705888e+03 0.000000000000000000e+00 0.000000000000000000e+00 0.000000000000000000e+00
6.157064220183486214e+03 0.000000000000000000e+00 0.000000000000000000e+00 0.000000000000000000e+00
6.170091743119265630e+03 0.000000000000000000e+00 0.000000000000000000e+00 0.000000000000000000e+00
6.183119266055045046e+03 0.000000000000000000e+00 0.000000000000000000e+00 0.000000000000000000e+00
6.196146788990825371e+03 0.000000000000000000e+00 0.000000000000000000e+00 0.000000000000000000e+00
6.209174311926604787e+03 0.000000000000000000e+00 0.000000000000000000e+00 0.000000000000000000e+00
6.222201834862385113e+03 0.000000000000000000e+00 0.000000000000000000e+00 0.000000000000000000e+00
6.235229357798164529e+03 0.000000000000000000e+00 0.000000000000000000e+00 0.000000000000000000e+00
6.248256880733944854e+03 0.000000000000000000e+00 0.000000000000000000e+00 0.000000000000000000e+00
6.261284403669724270e+03 0.000000000000000000e+00 0.000000000000000000e+00 0.000000000000000000e+00
6.274311926605504595e+03 0.000000000000000000e+00 0.000000000000000000e+00 0.000000000000000000e+00
6.287339449541284012e+03 0.000000000000000000e+00 0.000000000000000000e+00 0.000000000000000000e+00
6.300366972477063428e+03 0.000000000000000000e+00 0.000000000000000000e+00 0.000000000000000000e+00
6.313394495412843753e+03 0.000000000000000000e+00 0.000000000000000000e+00 0.000000000000000000e+00
6.326422018348623169e+03 0.000000000000000000e+00 0.000000000000000000e+00 0.000000000000000000e+00
6.339449541284403495e+03 0.000000000000000000e+00 0.000000000000000000e+00 0.000000000000000000e+00
6.352477064220182911e+03 0.000000000000000000e+00 0.000000000000000000e+00 0.000000000000000000e+00
6.365504587155963236e+03 0.000000000000000000e+00 0.000000000000000000e+00 0.000000000000000000e+00
6.378532110091742652e+03 0.000000000000000000e+00 0.000000000000000000e+00 0.000000000000000000e+00
6.391559633027522068e+03 0.000000000000000000e+00 0.000000000000000000e+00 0.000000000000000000e+00
6.404587155963302394e+03 0.000000000000000000e+00 0.000000000000000000e+00 0.000000000000000000e+00
6.417614678899081810e+03 0.000000000000000000e+00 0.000000000000000000e+00 0.000000000000000000e+00
6.430642201834862135e+03 0.000000000000000000e+00 0.000000000000000000e+00 0.000000000000000000e+00
6.443669724770641551e+03 0.000000000000000000e+00 0.000000000000000000e+00 0.000000000000000000e+00
6.456697247706421877e+03 0.000000000000000000e+00 0.000000000000000000e+00 0.000000000000000000e+00
6.469724770642201293e+03 0.000000000000000000e+00 0.000000000000000000e+00 0.000000000000000000e+00
6.482752293577981618e+03 0.000000000000000000e+00 0.000000000000000000e+00 0.000000000000000000e+00
6.495779816513761034e+03 0.000000000000000000e+00 0.000000000000000000e+00 0.000000000000000000e+00
6.508807339449540450e+03 0.000000000000000000e+00 0.000000000000000000e+00 0.000000000000000000e+00
6.521834862385320776e+03 0.000000000000000000e+00 0.000000000000000000e+00 0.000000000000000000e+00
6.534862385321100192e+03 0.000000000000000000e+00 0.000000000000000000e+00 0.000000000000000000e+00
6.547889908256880517e+03 0.000000000000000000e+00 0.000000000000000000e+00 0.000000000000000000e+00
6.560917431192659933e+03 0.000000000000000000e+00 0.000000000000000000e+00 0.000000000000000000e+00
6.573944954128440259e+03 0.000000000000000000e+00 0.000000000000000000e+00 0.000000000000000000e+00
6.586972477064219675e+03 0.000000000000000000e+00 0.000000000000000000e+00 0.000000000000000000e+00
6.600000000000000000e+03 0.000000000000000000e+00 0.000000000000000000e+00 0.000000000000000000e+00
