-5.506065648091660023e+02 8.098157981889707591e-01 -2.926606250068319870e-02 1.648897658878624828e+00
-5.351128773139610075e+02 -1.809411365064017008e-01 -1.034811668800889928e+00 6.729293957880866373e-01
-5.196210629347153827e+02 9.159677450231147253e-03 -1.434269186834249976e-01 1.617462735838872678e-01
-5.041311216714293550e+02 -6.821281775680768968e-03 -1.705646165342680209e-01 1.569220529829064570e-01
-4.886430535241029247e+02 -1.111816719143388782e-02 -1.847912493310136517e-01 1.625549149481458899e-01
-4.731568584927356369e+02 -7.060318522012861212e-03 -1.750826098828931754e-01 1.609619728388674564e-01
-4.576725365773279464e+02 2.386523993326365375e-03 -1.465108733532624330e-01 1.512839213399151672e-01
-4.421900877778798531e+02 1.462700150344706067e-02 -1.086340906207172857e-01 1.378880936276113967e-01
-4.267095120943909023e+02 2.744292035635265137e-02 -7.336277205917797473e-02 1.282486127718832636e-01
-4.112308095268615489e+02 3.900003054395804331e-02 -5.319873019036638201e-02 1.311987912782824617e-01
-3.957539800752917927e+02 4.785479542076327697e-02 -5.235907487035980357e-02 1.480686657118863714e-01
-3.802790237396811790e+02 5.296115119292742895e-02 -6.301865803594730586e-02 1.689409604218021499e-01
-3.648059405200301626e+02 5.367725548129365087e-02 -7.637496934789114733e-02 1.837294803104784491e-01
-3.493347304163387435e+02 4.977222466510934640e-02 -8.756469863665054809e-02 1.871091479668692270e-01
-3.338653934286066942e+02 1.545514246649503931e-01 -1.900254618896517200e-01 4.991283112195524785e-01
-3.183979295568340149e+02 -3.654973478949342103e-01 -6.945064893499596215e-01 -3.648820643990879908e-02
-3.029323388010207054e+02 2.951800086458523653e-01 4.962725519823657505e-02 5.407327620934681001e-01
-2.874686211611669933e+02 -8.177064050938166739e-02 -3.127484326290094208e-01 1.492071516102461137e-01
-2.720067766372726510e+02 -4.109656760703991191e-02 -2.509624124853529481e-01 1.687692772712731104e-01
-2.565468052293376786e+02 -2.517510362687548631e-02 -2.625538180710852987e-01 2.122036108173343538e-01
-2.410887069373620761e+02 9.469124328880032526e-02 -1.388826206255337758e-01 3.282651072031343986e-01
-2.256324817613462983e+02 8.782355794649744640e-02 -3.322341157704930548e-01 5.078812316634879753e-01
-2.101781297012898904e+02 -1.440872640064355947e-01 -4.213851765753747758e-01 1.332106485625035586e-01
-1.947256507571926250e+02 2.502574562853353557e-01 2.735512110619878201e-02 4.731597914644719571e-01
-1.792750449290547294e+02 4.693255367803150085e-02 -2.173584016703257737e-01 3.112235090263887893e-01
-1.638263122168766586e+02 1.493846958549759074e-01 -1.664191082856512349e-01 4.651884999956030775e-01
-1.483794526206579576e+02 -4.841805351032888588e-02 -3.126287425364579486e-01 2.157926355158001630e-01
-1.329344661403986265e+02 7.830422205464583618e-02 -2.193635368986869838e-01 3.759719810079786284e-01
-1.174913527760986653e+02 2.613812885145657683e-01 -4.448978664966574126e-02 5.672523636787972778e-01
-1.020501125277583014e+02 -1.526942715043667562e-02 -2.733756766044813102e-01 2.428368223036079798e-01
-8.661074539537730743e+01 4.433595829064843757e-02 -2.805469887275698904e-01 3.692189053088668071e-01
-7.117325137895568332e+01 1.659035541224572474e-01 -1.461817721248050150e-01 4.779888803697195376e-01
-5.573763047849365648e+01 2.531441894529135039e-01 2.045413667719633843e-02 4.858342422286306972e-01
-4.030388269399099954e+01 5.850891455760508231e-02 -2.622091872223346609e-01 3.792270163375448533e-01
-2.487200802544793987e+01 1.857366748500640374e-01 -1.468806089683497851e-01 5.183539586684778877e-01
-9.442006472864250100e+00 1.112868081103089157e-01 -1.863839836278023132e-01 4.089575998484201724e-01
5.986121963760069775e+00 2.267473779369077458e-01 -7.385489769510916735e-02 5.273496535689246034e-01
2.141237728442501975e+01 1.730225485099999294e-01 -8.244817327136017004e-02 4.284932702913600289e-01
3.683675948913059983e+01 7.477946927858179771e-02 -1.950119785724853672e-01 3.445709171296489903e-01
5.225926857787635527e+01 1.223599170467774833e-01 -1.423342661547957466e-01 3.870541002483507409e-01
6.767990455066296818e+01 1.943342431735694265e-01 -6.842025476757310209e-02 4.570887411147119828e-01
8.309866740748998382e+01 2.197723119451575613e-01 -6.698265374481354728e-02 5.065272776351286144e-01
9.851555714835785693e+01 5.745333371024528152e-02 -2.281256199566837062e-01 3.430322873771742831e-01
1.139305737732659054e+02 1.803805988503412727e-01 -1.101540671317432774e-01 4.709152648324258505e-01
1.293437172822145840e+02 -2.390200621846733098e-02 -2.779415078532480043e-01 2.301374954163133424e-01
1.447549876752038926e+02 3.981028361338214694e-01 9.505992920546491032e-02 7.011457430621780285e-01
1.601643849522338314e+02 -8.613421319091350836e-02 -4.324393064293184930e-01 2.601708800474914485e-01
1.755719091133041729e+02 7.039342055264639735e-03 -2.408463018255702914e-01 2.549249859360995796e-01
1.909775601584151445e+02 4.129633226141615071e-02 -2.167568741017042999e-01 2.993495386245366152e-01
2.063813380875662915e+02 4.694244243663774768e-02 -2.495838335816504827e-01 3.434687184549259920e-01
2.217832429007585233e+02 6.758180533785868027e-02 -2.276216424776638103e-01 3.627852531533811709e-01
2.371832745979913852e+02 7.082663610372320895e-02 -2.142726849915507215e-01 3.559259571989971116e-01
2.525814331792644225e+02 2.117307446362765022e-01 -7.507833702855981617e-02 4.985398263011128206e-01
2.679777186445780899e+02 3.735810683349997940e-02 -1.576861090698315482e-01 2.324023227368314792e-01
2.833721309939323874e+02 2.082985598143112793e-01 -1.080282763257703893e-01 5.246253959543929479e-01
2.987646702273273149e+02 2.518343511582739683e-02 -2.576286204032601224e-01 3.079954906349148813e-01
3.141553363447628726e+02 1.312305691362997961e-01 -2.060605592504363981e-01 4.685216975230359626e-01
3.295441293462386056e+02 1.905075184515744868e-01 -1.200695242772251703e-01 5.010845611803741440e-01
3.449310492317549688e+02 -5.031233063823124102e-02 -2.816829813060433563e-01 1.810583200295808881e-01
3.603160960013119620e+02 -1.776227947151521810e-02 -3.311323042287349083e-01 2.956077452857044929e-01
3.756992696549095854e+02 4.927790317066040732e-02 -3.308235358390888003e-01 4.293793421804095733e-01
3.910805701925478388e+02 1.329563157900624515e-01 -1.765099658860530552e-01 4.424225974661779581e-01
4.064599976142267224e+02 2.223045393526892205e-02 -3.550172386688094095e-01 3.994781465393472120e-01
4.218375519199462360e+02 7.748252877384462223e-02 -1.709252760916955549e-01 3.258903336393847994e-01
4.372132331097054703e+02 1.400641981091839683e-01 -1.510572986423629471e-01 4.311856948607308837e-01
4.525870411835057894e+02 6.355302680760840928e-02 -2.085745968108043968e-01 3.356806504260212431e-01
4.679589761413471933e+02 1.324002568031633076e-01 -1.402516244073465645e-01 4.050521380136731797e-01
4.833290379832287726e+02 -1.001009151235580374e-01 -3.824545350421818535e-01 1.822527047950658063e-01
4.986972267091505273e+02 -2.915042589541299092e-02 -2.770563985264383189e-01 2.187555467356123440e-01
5.140635423191133668e+02 2.162238425506808615e-01 -1.399774316163485965e-01 5.724251167177103472e-01
5.294279848131163817e+02 -1.030379849205570048e-01 -4.191371101475339089e-01 2.130611403064199272e-01
5.447905541911595719e+02 1.092319737870526969e-01 -1.448212919259069809e-01 3.632852395000123469e-01
5.601512504532438470e+02 4.549246836375710895e-02 -2.589528906756488613e-01 3.499378274031630376e-01
5.755100735993687522e+02 1.835842214286955709e-01 -9.374399483264339583e-02 4.609124376900345377e-01
5.908670236295342875e+02 2.732239012068391967e-02 -3.153646423497369344e-01 3.700094225911048085e-01
6.062221005437404528e+02 -4.719059090611458784e-01 -7.428115516036648547e-01 -2.010002665186268467e-01
6.215753043419863388e+02 -1.819154775414929814e-01 -4.164583268023215878e-01 5.262737171933562497e-02
6.369266350242737644e+02 -2.593922034678647348e-01 -5.668366288818300625e-01 4.805222194610053732e-02
6.522760925906013654e+02 -9.028011831466221937e-02 -3.685831506391405998e-01 1.880229140098161889e-01
6.676236770409695964e+02 2.634222199950263521e-01 2.596315690637562845e-03 5.242481242994151414e-01
6.829693883753780028e+02 1.034220416134860487e+00 7.340187835708394948e-01 1.334422048698881369e+00
6.983132265938274941e+02 1.597371751999077771e+00 1.311869824645478966e+00 1.882873679352676577e+00
7.136551916963171607e+02 2.221918978298192737e+00 1.948065741125392325e+00 2.495772215470993149e+00
7.289952836828470026e+02 3.139817633312374845e+00 2.929445188164537583e+00 3.350190078460212106e+00
7.443335025534179294e+02 3.524439447182099450e+00 3.232522423563239933e+00 3.816356470800958967e+00
7.596698483080299411e+02 4.626347369855536407e+00 4.313343066296939199e+00 4.939351673414133614e+00
7.750043209466816734e+02 5.727457111326537564e+00 5.487656873155160042e+00 5.967257349497915087e+00
7.903369204693744905e+02 6.152426631685687042e+00 5.882698527848453374e+00 6.422154735522920710e+00
8.056676468761070282e+02 6.037443387799996231e+00 5.814395443304298361e+00 6.260491332295694100e+00
8.209965001668806508e+02 6.437561927087887881e+00 6.201969961257321806e+00 6.673153892918453955e+00
8.363234803416953582e+02 6.407628555516835966e+00 6.139250279065391780e+00 6.676006831968280153e+00
8.516485874005497863e+02 6.249920343678565082e+00 5.922924780974738290e+00 6.576915906382391874e+00
8.669718213434452991e+02 6.037892726260913001e+00 5.736476231448561336e+00 6.339309221073264666e+00
8.822931821703809874e+02 5.577414671118016365e+00 5.355517645192705345e+00 5.799311697043327385e+00
8.976126698813577605e+02 4.758123472940433807e+00 4.510820142104490671e+00 5.005426803776376943e+00
9.129302844763742542e+02 4.227833113063663717e+00 3.992166948594606524e+00 4.463499277532720910e+00
9.282460259554318327e+02 3.440279287185871393e+00 3.225379828997885667e+00 3.655178745373857119e+00
9.435598943185304961e+02 3.193468525253832180e+00 2.931608238481277162e+00 3.455328812026387197e+00
9.588718895656684253e+02 2.220261634948206275e+00 2.047465543789699804e+00 2.393057726106712746e+00
9.741820116968478942e+02 1.685661345128039557e+00 1.385443069547291017e+00 1.985879620708788096e+00
9.894902607120675384e+02 1.848646816725562969e+00 1.545705703589269175e+00 2.151587929861856541e+00
1.004796636611327813e+03 1.010693304066592413e+00 7.264109767239763649e-01 1.294975631409208461e+00
1.020101139394628717e+03 1.445936003554957328e+00 1.129854293327755999e+00 1.762017713782158657e+00
1.035403769061970252e+03 7.806139888151532036e-01 5.147714995498935409e-01 1.046456478080412866e+00
1.050704525613352416e+03 7.108862309529107026e-01 4.244682738112441345e-01 9.973041880945772153e-01
1.066003409048774301e+03 1.162777594449056595e+00 9.310459815982774501e-01 1.394509207299835740e+00
1.081300419368237726e+03 4.737975278729160689e-01 2.077982444081915014e-01 7.397968113376406363e-01
1.096595556571741326e+03 6.694568659814614797e-01 4.208562912680435808e-01 9.180574406948793786e-01
1.111888820659285557e+03 2.630245894076693181e-01 2.264750019493522171e-02 5.034016786204034144e-01
1.127180211630870417e+03 3.406479643778522193e-01 7.052658673337214301e-02 6.107693420223323510e-01
1.142469729486495453e+03 1.846579887995343505e-01 -3.983944173707068548e-02 4.091554193361394143e-01
1.157757374226161119e+03 -3.672302255802199072e-02 -2.867912519163306473e-01 2.133452068002866520e-01
1.173043145849867869e+03 2.249032985492429859e-01 -6.190525261539528423e-02 5.117118497138812838e-01
1.188327044357614795e+03 -2.206425702371820341e-01 -4.779263572997285436e-01 3.664121682536447544e-02
1.203609069749401897e+03 7.268515640818807855e-01 4.972984906708267094e-01 9.564046374929349170e-01
1.218889222025230083e+03 5.911587567124004794e-01 3.489327755923855023e-01 8.333847378324155120e-01
1.234167501185099354e+03 -8.888392532374836397e-02 -3.820186573031575383e-01 2.042508066556608382e-01
1.249443907229007891e+03 -2.593477824590794123e-01 -5.599535712462739845e-01 4.125800632811515989e-02
1.264718440156957513e+03 -3.117025711943257060e-01 -5.192299138855789309e-01 -1.041752285030724534e-01
1.279991099968948220e+03 -3.589555924161806910e-01 -6.442235133510286760e-01 -7.368767148133270606e-02
1.295261886664979102e+03 -1.611609457039327731e-01 -4.804999134416058082e-01 1.581780220337402343e-01
1.310530800245050159e+03 -1.480270554858577683e-02 -2.621204179345640872e-01 2.325150068373925127e-01
1.325797840709162301e+03 5.897652291529208168e-02 -1.975752159599067359e-01 3.155282617904909270e-01
1.341063008057314619e+03 -1.980793980711000324e-01 -4.122649599847276747e-01 1.610616384252758215e-02
1.356326302289507112e+03 -5.993022324769931714e-02 -2.788923768435195294e-01 1.590319303481209090e-01
1.371587723405741599e+03 1.928463477699085826e-01 -5.227666352783263970e-02 4.379693590676497772e-01
1.386847271406015352e+03 3.841033667285285724e-01 6.213354524344560925e-02 7.060731882136115356e-01
1.402104946290330190e+03 -4.545352181002103309e-02 -2.804857112321878509e-01 1.895786676121458125e-01
1.417360748058684749e+03 2.945565271718431077e-01 -2.103432611635752680e-02 6.101473804600436868e-01
1.432614676711080847e+03 5.313166640162418908e-01 2.750478788082458825e-01 7.875854492242378990e-01
1.447866732247517120e+03 6.367948963101673077e-02 -1.816122172094266074e-01 3.089711964714600967e-01
1.463116914667994479e+03 5.854680400602824131e-01 3.462027489602519381e-01 8.247333311603128880e-01
1.478365223972512013e+03 3.489722951345958224e-01 8.343610953419977605e-02 6.145084807349918687e-01
1.493611660161069722e+03 4.150703828686687080e-01 1.590079492817897955e-01 6.711328164555476761e-01
1.508856223233668061e+03 5.330705681323307799e-01 3.011849397538756135e-01 7.649561965107859463e-01
1.524098913190307485e+03 7.602973059776569897e-01 4.730773759428894554e-01 1.047517236012424524e+00
1.539339730030987084e+03 4.600468830364018991e-01 1.407215558728331373e-01 7.793722101999707164e-01
1.554578673755706859e+03 -3.012897728119278695e-01 -5.702395766401545663e-01 -3.233996898370117279e-02
1.569815744364467719e+03 -9.721309362718311142e-02 -3.686557910066150523e-01 1.742296037522488295e-01
1.585050941857269208e+03 -1.632273936891652510e-01 -4.578114222842348813e-01 1.313566349059043514e-01
1.600284266234111328e+03 1.801654639640060396e-01 -8.306472109935988946e-02 4.433956490273719409e-01
1.615515717494994078e+03 4.587947188609327043e-01 1.892959374886284962e-01 7.282935002332369123e-01
1.630745295639916549e+03 3.789456445430851028e-01 7.661624523865223635e-02 6.812750438475179138e-01
1.645973000668880104e+03 6.101269305399703580e-01 3.618266489839923050e-01 8.584272120959484109e-01
1.661198832581884290e+03 1.743737613578602574e-01 -1.759493142151558054e-02 3.663424541372360954e-01
1.676422791378929105e+03 9.074724861293824441e-02 -1.465700320391003508e-01 3.280645292649768119e-01
1.691644877060014551e+03 3.404111137805205800e-01 4.370658250877945683e-02 6.371156450522617032e-01
1.706865089625139717e+03 -2.190862972867333724e-01 -4.866578223650448454e-01 4.848522779157812823e-02
1.722083429074306423e+03 1.405438813746649196e-01 -1.445631713669317808e-01 4.256509341162616478e-01
1.737299895407513304e+03 2.940485508677265214e-01 -4.901655105770102994e-02 6.371136527931540172e-01
1.752514488624760816e+03 1.419783248394767584e-02 -2.249636093237986079e-01 2.533592742916939700e-01
1.767727208726048957e+03 1.377555703959588429e-01 -6.992801710487925315e-02 3.454391578967969112e-01
1.782938055711376819e+03 -1.017976722722933360e-02 -2.507679769096390343e-01 2.304084424551803845e-01
1.798147029580746221e+03 5.859350923950594758e-01 3.057923325085679100e-01 8.660778522815510971e-01
1.813354130334155798e+03 2.434696755354751330e-01 -1.592144985782542599e-02 5.028608009287757197e-01
1.828559357971606005e+03 1.353679000001332122e-01 -1.830633831832832459e-01 4.537991831835496703e-01
1.843762712493096842e+03 -4.833542356742725338e-02 -2.917382113458482085e-01 1.950673642109936878e-01
1.858964193898627855e+03 -1.003317273487576433e-01 -3.528612385576486155e-01 1.521977838601333011e-01
1.874163802188199952e+03 5.915755122861236781e-02 -2.432976082763426140e-01 3.616127107335673774e-01
1.889361537361812680e+03 1.581421846886722216e-01 -1.391961652388680470e-01 4.554805346162125179e-01
1.904557399419465582e+03 -2.205493922185733716e-02 -3.418658727323471980e-01 2.977559942886324751e-01
1.919751388361159115e+03 3.736358837358412510e-02 -2.464032118232464263e-01 3.211303885704146488e-01
1.934943504186892824e+03 3.373185516150442598e-02 -2.388479796426292989e-01 3.063116899656381786e-01
1.950133746896667617e+03 2.246977800471486597e-01 2.388336971935767217e-02 4.255121903749396473e-01
1.965322116490483040e+03 3.789764190710128711e-01 3.495197113317077831e-02 7.230008670088550193e-01
1.980508612968338639e+03 -4.602638846373186543e-01 -7.790916329262504991e-01 -1.414361363483867540e-01
1.995693236330234413e+03 -2.967356601093457669e-01 -5.275634526684094272e-01 -6.590786755028213428e-02
2.010875986576171726e+03 5.966218677176623499e-03 -2.458819817115852624e-01 2.578144190659384938e-01
2.026056863706149215e+03 -1.746828621452848340e-01 -4.605242564028676489e-01 1.111585321122979808e-01
2.041235867720167334e+03 8.819795126745143266e-02 -1.719198696014273553e-01 3.483157721363302484e-01
2.056412998618225629e+03 3.442787211949967924e-02 -2.524327658804638164e-01 3.212885101194631332e-01
2.071588256400324553e+03 2.634518985615656450e-01 -6.687291744403944804e-02 5.937767145671707381e-01
2.086761641066464108e+03 2.698412237715692163e-01 -4.440181523839903388e-02 5.840842627815374666e-01
2.101933152616644293e+03 3.277043449306878409e-01 6.838960989179582173e-02 5.870190799695798045e-01
2.117102791050865108e+03 4.320186210427736651e-01 1.528634668921384776e-01 7.111737751934088525e-01
2.132270556369126552e+03 1.626757281077769179e-01 -4.866134605847413641e-02 3.740128022740280000e-01
2.147436448571428173e+03 2.072520745507321072e-01 -1.269982890131362285e-01 5.415024381146004151e-01
2.162600467657770423e+03 4.382881765001668262e-01 1.402804586958817379e-01 7.362958943044519700e-01
2.177762613628153304e+03 3.037913219460416370e-01 1.689088698917873277e-03 6.058935551931654562e-01
2.192922886482577269e+03 -1.884210391133638376e-02 -2.876357473073666848e-01 2.499515394846938965e-01
2.208081286221041410e+03 1.317646984560696677e-01 -9.087768340352461727e-02 3.544070803156639249e-01
2.223237812843545271e+03 3.573250431900495405e-01 5.275635141955686835e-02 6.618937349605422682e-01
2.238392466350090672e+03 6.025329389437297234e-01 2.814424373619344721e-01 9.236234405255250302e-01
2.253545246740676703e+03 2.086081356775048024e-01 -5.959592773468480598e-02 4.768121990896944107e-01
2.268696154015302909e+03 1.962557133517208452e-01 -3.850853852114438647e-02 4.310199652245860769e-01
2.283845188173969746e+03 1.272509832114802619e-01 -1.448030785851784352e-01 3.993050450081389591e-01
2.298992349216676757e+03 1.128438958159490996e-01 -1.715953629154430837e-01 3.972831545473413106e-01
2.314137637143424854e+03 3.211454465584410722e-01 2.845327259168162204e-02 6.138376205252005224e-01
2.329281051954213581e+03 4.815149707873842000e-01 1.956952001433559518e-01 7.673347414314124482e-01
2.344422593649042483e+03 2.974452064857011635e-01 1.530784460715822748e-02 5.795825683642441550e-01
2.359562262227912015e+03 4.699859463134533066e-01 1.355887396142966828e-01 8.043831530126099860e-01
2.374700057690821723e+03 3.741833333214300006e-01 3.783690830279801132e-02 7.105297583400620454e-01
2.389835980037772515e+03 2.294691283068676924e-01 -2.982733544674903703e-03 4.619209901584102607e-01
2.404970029268763938e+03 2.225617962574530373e-01 -5.639459754812559122e-03 4.507630522697186337e-01
2.420102205383795990e+03 -2.405003592077913643e-01 -5.271249648236935315e-01 4.612424640811077503e-02
2.435232508382867763e+03 -2.843509816419691541e-02 -2.542009415343327028e-01 1.973307452059388512e-01
2.450360938265981531e+03 3.296806672982931924e-02 -2.718846336961407983e-01 3.378207671557994507e-01
2.465487495033134110e+03 -2.610957165567798777e-01 -5.510487471847056451e-01 2.885731407114594527e-02
2.480612178684328683e+03 -3.384431863667692886e-01 -6.224367284005074552e-01 -5.444964433303117746e-02
2.495734989219563431e+03 -1.086656106737605154e-01 -4.839974050472889422e-01 2.666661836997679114e-01
2.510855926638838355e+03 2.510551001721392783e-01 -3.632547503101607456e-02 5.384356753752945757e-01
2.525974990942153454e+03 2.458808248632896043e-01 1.051017906698123450e-02 4.812514706595979463e-01
2.541092182129510547e+03 1.082792953912410788e-01 -1.997052872992859940e-01 4.162638780817681794e-01
2.556207500200906907e+03 -7.565431722275566678e-03 -2.851223209132750513e-01 2.699914574687238833e-01
2.571320945156344351e+03 -5.130906228278373643e-02 -3.046067642847403723e-01 2.019886397191728855e-01
2.586432516995821970e+03 2.366893390113949946e-01 -8.968315811655291903e-02 5.630618361393429083e-01
2.601542215719340675e+03 1.161774291331957032e-01 -1.436568655987668086e-01 3.760117238651582428e-01
2.616650041326899554e+03 1.481193247059688634e-01 -2.354492260329001108e-01 5.316878754448378652e-01
2.631755993818498609e+03 3.663144306739560263e-01 1.365710436219682022e-01 5.960578177259439059e-01
2.646860073194138749e+03 4.139614627059938212e-01 1.753683769338599818e-01 6.525545484781276606e-01
2.661962279453819065e+03 4.271584406002129075e-01 1.824826927120557218e-01 6.718341884883700654e-01
2.677062612597541374e+03 6.278685986163651256e-01 3.916895023225076544e-01 8.640476949102225968e-01
2.692161072625302950e+03 4.100798469593913698e-01 1.911758606137413941e-01 6.289838333050413732e-01
2.707257659537104701e+03 2.983470867554891687e-02 -2.639427654175484639e-01 3.236121827686463392e-01
2.722352373332947536e+03 2.208087957811142865e-01 -6.039806059666541493e-02 5.020156521588939880e-01
2.737445214012830547e+03 2.089130530650817538e-02 -2.416307337457466731e-01 2.834133443587630308e-01
2.752536181576755553e+03 5.887946789985225998e-02 -2.365585554193998519e-01 3.543174912191043857e-01
2.767625276024719824e+03 2.932275879093810267e-01 -3.021527949106184163e-02 6.166704553098238950e-01
2.782712497356725180e+03 2.435937056245133236e-01 -3.479327431821932493e-02 5.219806855672459722e-01
2.797797845572770711e+03 3.295196346590038017e-01 -9.000209858224805792e-03 6.680394791762324092e-01
2.812881320672856418e+03 2.891855344924594839e-01 -2.784612280698578468e-02 6.062171917919048081e-01
2.827962922656983210e+03 2.153898684989947188e-01 -9.847416401134834185e-02 5.292539010093377794e-01
2.843042651525151086e+03 1.070433208213910081e-01 -1.439208030723481135e-01 3.580074447151301298e-01
2.858120507277359138e+03 -3.436386018811897758e-01 -6.856168563096642909e-01 -1.660347452715205119e-03
2.873196489913607365e+03 -5.067843473347283939e-02 -3.082351010459649099e-01 2.068782315790192450e-01
2.888270599433895768e+03 1.943625683927024950e-01 -1.183363816368983024e-01 5.070615184223032923e-01
2.903342835838226165e+03 4.349166406890350028e-02 -2.462354492639044767e-01 3.332187774017114634e-01
2.918413199126595828e+03 -1.354771819601085225e-01 -3.740427186108875035e-01 1.030883546906704584e-01
2.933481689299006575e+03 3.814297328997449943e-02 -1.710018250364966907e-01 2.472877716164457174e-01
2.948548306355456589e+03 1.500333018100025728e-01 -1.304958100911298158e-01 4.305624137111349614e-01
2.963613050295949506e+03 3.655171432227707906e-02 -1.869283903371992683e-01 2.600318189817534265e-01
2.978675921120480780e+03 8.020107123712874597e-02 -1.998179447333673642e-01 3.602200872076248839e-01
2.993736918829054048e+03 -3.177524994108776868e-01 -5.514616927233629839e-01 -8.404330609839236188e-02
3.008796043421667491e+03 -3.443579015588970477e-02 -2.401688218234598604e-01 1.712972415116804370e-01
3.023853294898321110e+03 -6.435081700884014155e-02 -4.058755823877203683e-01 2.771739483700400575e-01
3.038908673259015814e+03 2.006711741961002618e-02 -2.715108399962695152e-01 3.116450748354895883e-01
3.053962178503750692e+03 -8.414622441084849969e-02 -3.102434638196990835e-01 1.419510149980020564e-01
3.069013810632526656e+03 -6.097289719952227183e-02 -3.571669160664001641e-01 2.352211216673556482e-01
3.084063569645342795e+03 9.363851204968617892e-02 -1.274476526532663523e-01 3.147246767526387101e-01
3.099111455542199110e+03 -2.398767033049543571e-02 -2.648593848221582614e-01 2.168840441611674108e-01
3.114157468323097419e+03 1.280144586904266579e-01 -1.406947273646090291e-01 3.967236447454623449e-01
3.129201607988034084e+03 1.553967167581187803e-01 -7.437398685240803609e-02 3.851674203686455966e-01
3.144243874537012744e+03 -1.653174386092165771e-01 -4.608157456270532970e-01 1.301808684086201151e-01
3.159284267970031578e+03 6.319266029448281086e-02 -2.361557826047734066e-01 3.625411031937390005e-01
3.174322788287092408e+03 -4.405050558446485000e-03 -2.833366136967299664e-01 2.745265125798370121e-01
3.189359435488191593e+03 1.005971878983960288e-01 -2.002447157264840849e-01 4.014390915232761703e-01
3.204394209573331864e+03 2.626392737358795859e-01 -5.393477841601523881e-02 5.792133258877744106e-01
3.219427110542512310e+03 1.781251278375779179e-01 -6.817063368424319814e-02 4.244208893593990339e-01
3.234458138395734750e+03 -1.893514244760991783e-01 -5.328596756318755290e-01 1.541568266796772002e-01
3.249487293132997365e+03 8.472352377795035194e-02 -2.168331641983294311e-01 3.862802117542301072e-01
3.264514574754300156e+03 8.132365029765208086e-02 -1.610287669657126663e-01 3.236760675610168003e-01
3.279539983259643122e+03 -1.917350920936420830e-02 -2.742849111696792352e-01 2.359378927509508117e-01
3.294563518649027174e+03 -1.711653092408419174e-01 -4.745349394144054989e-01 1.322043209327216917e-01
3.309585180922452309e+03 7.540133430748986731e-02 -2.022019746455377964e-01 3.530046432605175033e-01
3.324604970079916711e+03 2.171616900074113121e-01 -4.712150056466329895e-02 4.814448805794859232e-01
3.339622886121423107e+03 2.871866383984834625e-01 9.196762433709962381e-02 4.824056524598673290e-01
3.354638929046967860e+03 2.839991307998449566e-01 -5.594713598091161089e-03 5.735929751977810742e-01
3.369653098856554607e+03 2.830217897103274316e-01 6.169786679414274166e-02 5.043457126265120660e-01
3.384665395550182438e+03 4.325856409189008933e-01 1.624500777896194514e-01 7.027212040481822797e-01
3.399675819127850446e+03 5.432200952314888975e-02 -2.402068110436624548e-01 3.488508300899602066e-01
3.414684369589558628e+03 2.208495111369840058e-01 -6.818779895095392063e-02 5.098868212249219045e-01
3.429691046935306986e+03 -1.454767702972126764e-01 -3.852748980136302404e-01 9.432135741920485983e-02
3.444695851165097338e+03 -1.751457382000137508e-01 -4.730118220490354686e-01 1.227203456490079392e-01
3.459698782278926956e+03 1.187365211617960603e-01 -1.323825050429881522e-01 3.698555473665802729e-01
3.474699840276797659e+03 2.004248771879476310e-01 -5.804773035985968943e-02 4.588974847357549791e-01
3.489699025158707627e+03 -1.347476731075058498e-01 -3.523347299975170266e-01 8.283938378250532697e-02
3.504696336924659590e+03 -5.704903395932171828e-02 -3.841065963313926579e-01 2.700085284127492491e-01
3.519691775574651729e+03 1.900408838359792796e-01 -2.950933983890169365e-02 4.095911075108602528e-01
3.534685341108684952e+03 8.063691836223010542e-03 -2.531403246625493764e-01 2.692677083349954148e-01
3.549677033526758350e+03 -4.968204419683614620e-03 -3.039679261107212094e-01 2.940315172713540148e-01
3.564666852828871924e+03 2.742438419356403867e-01 -4.289472693752804933e-02 5.913824108088088227e-01
3.579654799015026583e+03 -8.971366654700793641e-02 -3.858315038070503356e-01 2.064041707130344350e-01
3.594640872085222327e+03 2.054513434771097213e-01 -4.488400810827167242e-02 4.557866950624911428e-01
3.609625072039457336e+03 3.646003701449366807e-01 1.002295901612608731e-01 6.289711501286124884e-01
3.624607398877733431e+03 2.797065073340714858e-01 -4.579029850901933374e-02 6.052033131771623609e-01
3.639587852600049700e+03 4.588995341549247931e-01 2.270104756314248740e-01 6.907885926784247399e-01
3.654566433206407055e+03 7.641704014191558203e-02 -2.171757601881819100e-01 3.700098404720130740e-01
3.669543140696804585e+03 -1.725142274552560195e-01 -4.148671694425407619e-01 6.983871453202872281e-02
3.684517975071243200e+03 2.540273019962472345e-01 -7.105874482600366138e-02 5.791133488184980749e-01
3.699490936329721990e+03 1.640077358721572232e-01 -9.837451501889638017e-02 4.263899867632108265e-01
3.714462024472241865e+03 -4.630217237346602455e-02 -3.288486678927995954e-01 2.362443231458675741e-01
3.729431239498801915e+03 -2.232705342993178133e-01 -4.742806292146824476e-01 2.773956061604682111e-02
3.744398581409402141e+03 -2.653890870172415095e-01 -4.923762296819386153e-01 -3.840194435254443150e-02
3.759364050204043451e+03 -3.829742582140432949e-01 -6.773713403686416612e-01 -8.857717605944498418e-02
3.774327645882724937e+03 -3.574358580744518843e-01 -6.228118557015047685e-01 -9.205986044739894458e-02
3.789289368445446598e+03 8.985857558744177534e-03 -2.869866468198440379e-01 3.049583619373324450e-01
3.804249217892209344e+03 -3.263155196134890496e-02 -3.240762350398403990e-01 2.588131311171425475e-01
3.819207194223013175e+03 -6.517187486072885394e-02 -3.735950944438437560e-01 2.432513447223860759e-01
3.834163297437856272e+03 -1.807852677133730754e-02 -2.968521359030070750e-01 2.606950823603324530e-01
3.849117527536741363e+03 -1.362475850751309614e-01 -4.356438838746750086e-01 1.631487137244130858e-01
3.864069884519666630e+03 -2.211615461534015559e-01 -4.231839309521301939e-01 -1.913916135467291779e-02
3.879020368386632072e+03 2.029328187701704908e-02 -2.886501918359516417e-01 3.292367555899857745e-01
3.893968979137637689e+03 1.532911174290867151e-01 -1.374767720089951351e-01 4.440590068671685930e-01
3.908915716772684391e+03 -1.773217608806571255e-01 -4.543551988848911760e-01 9.971167712357689727e-02
3.923860581291771268e+03 -2.714487439814623482e-01 -6.087506336400176910e-01 6.585314567709299460e-02
3.938803572694899231e+03 -8.172328750760272931e-02 -3.263644950952938051e-01 1.629179200800883742e-01
3.953744690982067368e+03 -5.433372159497066450e-02 -4.543351611982716087e-01 3.456677180083302381e-01
3.968683936153275681e+03 -1.021176573601413895e-01 -3.807603945877056639e-01 1.765250798674228849e-01
3.983621308208525988e+03 -1.261094682954793378e-01 -4.572955949036682233e-01 2.050766583127095755e-01
3.998556807147815562e+03 -8.489946833087643960e-03 -3.159096502709793919e-01 2.989297566048041421e-01
4.013490432971146220e+03 -2.126272076818985432e-02 -3.696866580183828521e-01 3.271612164820031365e-01
4.028422185678517053e+03 8.826171175521040080e-02 -1.389570529719142966e-01 3.154804764823351260e-01
4.043352065269928971e+03 1.101693782894565404e-01 -1.990935460694417958e-01 4.194323026483549044e-01
4.058280071745381065e+03 8.870984338152593240e-02 -2.023284468870458763e-01 3.797481336500977411e-01
4.073206205104873334e+03 4.368186223448025651e-02 -2.440702284713053005e-01 3.314339529402657858e-01
4.088130465348406688e+03 -2.194466446797630477e-01 -5.013276617834832027e-01 6.243437242395716291e-02
4.103052852475980217e+03 1.693758916741359699e-01 -8.204177924677924505e-02 4.207935625950511849e-01
4.117973366487594831e+03 2.462585509067266032e-01 -6.815378048434095337e-02 5.606708822977941598e-01
4.132892007383249620e+03 7.720160144711865624e-02 -2.636987554353975582e-01 4.181019583296349262e-01
4.147808775162945494e+03 -2.605395061006158738e-02 -2.915061995145211693e-01 2.393982982943979876e-01
4.162723669826681544e+03 2.391297408575089045e-01 -5.877605847062647437e-02 5.370355401856442557e-01
4.177636691374458678e+03 1.941637816460920624e-02 -1.914420884200452866e-01 2.302748447492636852e-01
4.192547839806275078e+03 -9.915770933128377485e-02 -4.167464392927860417e-01 2.184310206302185198e-01
4.207457115122133473e+03 -5.948094789993662451e-02 -3.392294859961645925e-01 2.202675901962913296e-01
4.222364517322031134e+03 1.868431030417525007e-01 -1.582715816659538977e-01 5.319577877494588991e-01
4.237270046405969879e+03 -7.821127768877320086e-03 -2.411499468938640423e-01 2.255076913561093743e-01
4.252173702373948800e+03 -1.775534406009760804e-03 -2.813706789951938569e-01 2.778196101831743592e-01
4.267075485225968805e+03 9.577125353192447732e-02 -1.551008517305013379e-01 3.466433587943502648e-01
4.281975394962029895e+03 3.616741564076782927e-04 -3.707639519999080813e-01 3.714873003127234785e-01
4.296873431582130252e+03 1.395258668771540422e-01 -7.803188859378443198e-02 3.570836223480925442e-01
4.311769595086272602e+03 2.819002820089723804e-01 3.760230312421139476e-02 5.261982608937333383e-01
4.326663885474454219e+03 -1.303188713733857695e-01 -4.212413871149019440e-01 1.606036443681304049e-01
4.341556302746676920e+03 -5.939663355110582840e-03 -1.896409920752791523e-01 1.777616653650579692e-01
4.356446846902939797e+03 -4.769663850691404500e-02 -2.739901964352936536e-01 1.785969194214655498e-01
4.371335517943243758e+03 -7.916593234478547236e-03 -2.329841941650351023e-01 2.171510076960780078e-01
4.386222315867587895e+03 -6.938889726504785319e-03 -3.689832437472138071e-01 3.551054642942041983e-01
4.401107240675973117e+03 -2.777924117497969636e-01 -5.861768437692074230e-01 3.059202026961344023e-02
4.415990292368398514e+03 -2.538238978750009811e-01 -4.991060325746173310e-01 -8.541763175384631257e-03
4.430871470944864996e+03 -8.457256867506335318e-02 -3.491726843351368181e-01 1.800275469850101118e-01
4.445750776405371653e+03 -9.481014164354349683e-02 -3.737349007678479884e-01 1.841146174807609670e-01
4.460628208749918485e+03 -2.282554294367910575e-01 -5.519146195879008898e-01 9.540376071431877492e-02
4.475503767978506403e+03 -9.209754914696643979e-02 -3.508966216438036967e-01 1.667015233498708171e-01
4.490377454091134496e+03 -7.041197599330556445e-02 -3.054354482417123151e-01 1.646114962551012140e-01
4.505249267087802764e+03 -5.209135976912609295e-02 -3.958540183053642636e-01 2.916712987671120638e-01
4.520119206968512117e+03 -1.648786052729502294e-01 -5.283362297294016408e-01 1.985790191835011265e-01
4.534987273733261645e+03 1.798837547945305870e-01 -1.758526204643098001e-01 5.356201300533709464e-01
4.549853467382053168e+03 6.739766454662714235e-02 -1.404792493121136965e-01 2.752745784053679534e-01
4.564717787914883047e+03 -1.425345611435460402e-01 -4.063462620492083177e-01 1.212771397621162650e-01
4.579580235331754920e+03 -1.118028774865239827e-01 -3.468186629234293328e-01 1.232129079503813673e-01
4.594440809632666969e+03 9.653337130570339986e-02 -1.818476984433003429e-01 3.749144410547071149e-01
4.609299510817621012e+03 2.102450485577807976e-02 -1.957347418003036188e-01 2.377837515118597922e-01
4.624156338886613412e+03 -6.090245578100231955e-03 -2.596379522162915454e-01 2.474574610600910884e-01
4.639011293839647806e+03 1.951778580038824595e-01 -1.634747268195743952e-01 5.538304428273392865e-01
4.653864375676720556e+03 -1.117972222385422015e-01 -4.540736737588693672e-01 2.304792292817849364e-01
4.668715584397835300e+03 -1.442431778903279782e-01 -4.085413212458184895e-01 1.200549654651625331e-01
4.683564920002992039e+03 -2.757518309961033975e-01 -6.124348021062502312e-01 6.093114011404349162e-02
4.698412382492187135e+03 4.531599782218766886e-02 -2.053761257036479104e-01 2.960081213480232343e-01
4.713257971865424224e+03 9.751730568700231472e-02 -3.665855066460311784e-01 5.616201180200357523e-01
4.728101688122701489e+03 -9.039109939024747575e-02 -3.394408583690491366e-01 1.586586595885541573e-01
4.742943531264018930e+03 -7.523222736506615660e-02 -3.446383515923889806e-01 1.941738968622566952e-01
4.757783501289376545e+03 -2.609975680768603090e-01 -5.076944075408116319e-01 -1.430072861290904163e-02
4.772621598198776155e+03 2.278207175332800927e-01 6.762045120602411252e-04 4.549652305544999442e-01
4.787457821992214122e+03 1.895083484905342175e-01 -4.735170158162796405e-02 4.263683985626963713e-01
4.802292172669694082e+03 6.886963150168420866e-02 -1.799078128573234625e-01 3.176470758606918521e-01
4.817124650231214218e+03 1.743501813779817222e-01 -1.028167728487111854e-01 4.515171356046746576e-01
4.831955254676776349e+03 -1.190075299564033323e-01 -3.959864934119700086e-01 1.579714334991633162e-01
4.846783986006376836e+03 1.903377825261326484e-01 -4.447237904818773790e-02 4.251479441004530346e-01
4.861610844220019317e+03 1.809470874324513034e-01 -4.622176552224482871e-02 4.081159403871474356e-01
4.876435829317701973e+03 -1.528368979174965780e-01 -4.232097932133545015e-01 1.175359973783613732e-01
4.891258941299424805e+03 -1.787446936384249063e-01 -4.247547690754046035e-01 6.726538179855479083e-02
4.906080180165189631e+03 -1.412351414419925066e-01 -4.772269537736947287e-01 1.947566708897097154e-01
4.920899545914994633e+03 9.080822824469130666e-03 -3.600197210440333473e-01 3.781813666929716433e-01
4.935717038548837991e+03 1.433422356264783468e-02 -2.628224185171760263e-01 2.914908656424717304e-01
4.950532658066723343e+03 -2.385411921378709221e-02 -3.172918018290856734e-01 2.695835634015114612e-01
4.965346404468648871e+03 5.123634340139721771e-02 -3.145632143583893536e-01 4.170359011611837752e-01
4.980158277754616392e+03 6.132533921377270741e-02 -2.565059958022691267e-01 3.791566742298145276e-01
4.994968277924622271e+03 -1.405133102896370112e-01 -4.345695976101169311e-01 1.535429770308428810e-01
5.009776404978670143e+03 -2.489858817329314647e-02 -2.709788258411577333e-01 2.211816494945714473e-01
5.024582658916758191e+03 -4.035773789237356163e-02 -3.235577210837554674e-01 2.428422452990083302e-01
5.039387039738888234e+03 -1.654731663101290939e-01 -4.529118412322690745e-01 1.219655086120108867e-01
5.054189547445056633e+03 6.791707939004357252e-04 -2.343250841587308786e-01 2.356834257465317273e-01
5.068990182035267026e+03 2.771979411632996548e-01 1.257023485887043268e-02 5.418256474677288770e-01
5.083788943509515775e+03 -1.777685575404064633e-01 -4.736297145764646332e-01 1.180925994956517344e-01
5.098585831867808338e+03 1.343505237068546299e-01 -1.413037961604794446e-01 4.100048435741887043e-01
5.113380847110139257e+03 -1.012062759784563247e-02 -3.470399432072886481e-01 3.267986880115973380e-01
5.128173989236510351e+03 9.300546865265764407e-02 -1.747184752308044153e-01 3.607294125361196757e-01
5.142965258246923440e+03 -6.144941926765114248e-02 -3.634658451463000373e-01 2.405670066109977800e-01
5.157754654141376705e+03 2.264455859092921221e-03 -2.865910403174093957e-01 2.911199520355952086e-01
5.172542176919870144e+03 -1.116134524141232098e-01 -3.377983976630659635e-01 1.145714928348195716e-01
5.187327826582405578e+03 -8.901225664086458156e-02 -3.703050133270259781e-01 1.922805000452967872e-01
5.202111603128979368e+03 -1.453011737970135754e-02 -2.045939118171025140e-01 1.755336770576997885e-01
5.216893506559595153e+03 -7.255278188625541302e-02 -3.728321075670466556e-01 2.277265437945358295e-01
5.231673536874251113e+03 2.160096328184598832e-02 -2.909104108362020047e-01 3.341123373998939328e-01
5.246451694072947248e+03 1.083627527402452745e-01 -1.697481046785964121e-01 3.864736101590869333e-01
5.261227978155683559e+03 -4.853209164715746593e-02 -2.688080706553309662e-01 1.717438873610160066e-01
5.276002389122461864e+03 1.493201118453506560e-01 -7.059105417373665037e-02 3.692312778644379900e-01
5.290774926973280344e+03 -3.791689961163890316e-02 -3.336463244924915972e-01 2.578125252692137770e-01
5.305545591708139000e+03 -2.302049543814268240e-01 -5.799812791501629539e-01 1.195713703873092781e-01
5.320314383327037831e+03 -6.658090744541157735e-02 -3.548244058788614930e-01 2.216625909880383660e-01
5.335081301829978656e+03 -5.300229251234912786e-02 -3.444305676234172831e-01 2.384259825987190551e-01
5.349846347216957838e+03 6.475736500608980650e-02 -2.221434100782199161e-01 3.516581400903995291e-01
5.364609519487979014e+03 9.019458199245593277e-02 -1.748798248262276034e-01 3.552689888111394967e-01
5.379370818643040366e+03 1.630271896405522114e-01 -1.537700715675210661e-01 4.798244508486254611e-01
5.394130244682141893e+03 3.191580458479486432e-02 -2.732619159374321538e-01 3.370935251070218963e-01
5.408887797605285414e+03 1.635683995036214256e-01 -1.437862118605255646e-01 4.709230108677684434e-01
5.423643477412467291e+03 -5.582515632719461940e-02 -3.496733663399174130e-01 2.380230536855281465e-01
5.438397284103691163e+03 1.113329072090807337e-01 -1.676488642424941999e-01 3.903146786606556673e-01
5.453149217678955210e+03 -2.308007142638875131e-01 -4.980726479163487541e-01 3.647121938857375567e-02
5.467899278138261252e+03 -3.485680907849415533e-01 -6.047861746639209279e-01 -9.235000690596212314e-02
5.482647465481605650e+03 9.766022009450128771e-02 -2.034735910398104697e-01 3.987940312288130729e-01
5.497393779708992042e+03 1.010222002263190255e-01 -1.645246395438677567e-01 3.665690399965058077e-01
5.512138220820416791e+03 -1.313991288462987017e-01 -4.062326290006387230e-01 1.434343713080413474e-01
5.526880788815885353e+03 2.413490345884830302e-01 -4.945060754260779956e-02 5.321486767195738876e-01
5.541621483695392271e+03 -1.027070826538229315e-01 -3.873451293951162833e-01 1.819309640874703926e-01
5.556360305458941184e+03 -9.571581046632485212e-02 -3.289577315887143305e-01 1.375261106560646540e-01
5.571097254106528453e+03 -4.323755263650467390e-02 -2.941416371686046971e-01 2.076665318955953354e-01
5.585832329638157717e+03 8.433559081975997018e-02 -1.806813757768969964e-01 3.493525574164169090e-01
5.600565532053828974e+03 -2.698737792050516157e-02 -3.042356245452970120e-01 2.502608687042867097e-01
5.615296861353538588e+03 -4.442026639072448047e-02 -2.502364155521576428e-01 1.613958827707086541e-01
5.630026317537290197e+03 -1.586927429217076246e-01 -4.805467510104116657e-01 1.631612651669963887e-01
5.644753900605080162e+03 -4.325427924549238301e-02 -3.540860562285300661e-01 2.675774977375452446e-01
5.659479610556912121e+03 3.534547243837018321e-02 -2.863634082615814092e-01 3.570543531383217339e-01
5.674203447392784255e+03 -7.743412448517389413e-02 -3.205589388995227496e-01 1.656906899291749613e-01
5.688925411112698384e+03 7.549346924368667555e-02 -1.776137754087875886e-01 3.286007138961609120e-01
5.703645501716652689e+03 1.267898771921859881e-02 -2.869624469564164282e-01 3.123204223948536362e-01
5.718363719204645349e+03 -1.514822387387347313e-01 -4.236189475573529650e-01 1.206544700798835024e-01
5.733080063576680004e+03 -8.802273023567838695e-02 -3.792827537677029293e-01 2.032372932963461831e-01
5.747794534832756653e+03 -3.818646697266348672e-02 -3.490409467732722426e-01 2.726680128279452830e-01
5.762507132972871659e+03 -6.525147419134079418e-02 -2.983267509400321926e-01 1.678238025573505765e-01
5.777217857997028659e+03 -1.444532736590721789e-01 -4.447596906371344416e-01 1.558531433189900839e-01
5.791926709905224016e+03 1.442900070582418537e-01 -1.200466179446896819e-01 4.086266320611733893e-01
5.806633688697463185e+03 2.795535259244300973e-03 -2.781072635544675209e-01 2.836983340729561376e-01
5.821338794373740711e+03 -8.158078044011458918e-02 -3.881003630030814833e-01 2.249388021228523327e-01
5.836042026934058413e+03 3.081079500605896169e-03 -2.784431475758177843e-01 2.846053065770295376e-01
5.850743386378418109e+03 1.985996628043988979e-02 -3.129861441541803568e-01 3.527060767150601572e-01
5.865442872706817980e+03 7.957800699868831928e-02 -1.051396555859129694e-01 2.642956695832895941e-01
5.880140485919258026e+03 -1.646056010986243767e-01 -3.825541683769541068e-01 5.334296617970538112e-02
5.894836226015740067e+03 -1.491718412435250607e-01 -3.846789416910736392e-01 8.633525920402351783e-02
5.909530092996260464e+03 8.484132707808611507e-02 -2.801597146921332437e-01 4.498423688483054739e-01
5.924222086860822856e+03 -2.922954154691368919e-02 -3.537028479668327119e-01 2.952437648730052988e-01
5.938912207609425423e+03 -7.340042024730433767e-02 -3.780876368353823791e-01 2.312867963407736760e-01
5.953600455242068165e+03 7.756566359457668647e-02 -1.869463231506634515e-01 3.420776503398167967e-01
5.968286829758751082e+03 1.473077742700809600e-02 -3.050738717975264302e-01 3.345354266515425667e-01
5.982971331159475994e+03 -1.331547803322099231e-02 -2.168409031013036614e-01 1.902099470348616594e-01
5.997653959444241082e+03 4.469469642284543132e-02 -6.562568155161685457e-02 1.550150743973077172e-01
6.012334714613046344e+03 1.091753600897756582e-01 -5.131254135200874478e-02 2.696632615315600612e-01
6.027013596665891782e+03 1.311304475465608910e-01 2.837669585014448992e-02 2.338841992429772920e-01
6.041690605602777396e+03 1.628748364658866576e-01 6.159965107338141732e-02 2.641500218583918702e-01
6.056365741423705003e+03 1.883467475854989359e-01 7.197965193993571820e-02 3.047138432310621536e-01
6.071039004128670967e+03 2.034766285536082353e-01 5.858684347913728496e-02 3.483664136280791856e-01
6.085710393717678926e+03 2.036198886274949438e-01 2.648137804063688261e-02 3.807583992143530049e-01
6.100379910190728879e+03 1.835491843119143318e-01 -1.999318944195621617e-02 3.870915580657848798e-01
6.115047553547817188e+03 1.374467188909063720e-01 -7.845060653352453617e-02 3.533440443153372801e-01
6.129713323788947491e+03 5.889655535342697146e-02 -1.495393202752461070e-01 2.673324309821000222e-01
6.144377220914117970e+03 -5.912305753562630689e-02 -2.437539190677897039e-01 1.255078039965371040e-01
6.159039244923328624e+03 -2.242473461575772153e-01 -4.085819234547868328e-01 -3.991276886036762561e-02
6.173699395816579454e+03 -4.447326600290695819e-01 -7.336615030191067088e-01 -1.558038170390325106e-01
6.188357673593872278e+03 -7.294641069151350798e-01 -1.243837177861800924e+00 -2.150910359684692352e-01
6.203014078255205277e+03 -1.087963175100083113e+00 -1.938758458441343091e+00 -2.371678917588232460e-01
6.217668609800576633e+03 0.000000000000000000e+00 0.000000000000000000e+00 0.000000000000000000e+00
